0.112548
0.487359
0.665430
0.703006
0.167916
0.190149
0.725878
0.342983
1.378161
0.204156
0.102996
0.805593
0.320274
0.533199
0.142294
0.581746
0.468886
0.036046
0.008225
0.125897
0.091312
0.259272
0.200890
1.704813
0.316240
1.181496
0.858512
0.311494
0.690981
0.003357
0.322431
0.750371
0.503345
0.159115
2.176564
0.698414
0.164905
0.717089
0.606043
0.516392
0.307884
0.268622
0.652554
1.141576
0.191663
0.358906
0.135594
0.055554
0.249961
0.145001
1.517558
0.054558
0.252089
0.383772
0.001538
0.466755
1.687864
0.189302
0.173432
0.061052
1.012300
0.591906
0.123820
0.719008
0.023368
0.278349
1.375157
1.158209
0.247567
0.186048
0.066449
0.412569
0.450128
0.379405
0.428122
0.084815
0.170245
0.072944
0.319583
0.254308
0.344261
0.395688
0.622383
0.296285
0.209023
0.277547
0.330194
0.513228
0.331332
0.249066
2.055431
0.319534
0.387426
0.822572
0.350516
0.353020
0.078729
0.407749
0.156327
0.501647
0.244055
0.063263
0.341795
0.790241
0.927984
0.019102
1.770650
0.003460
1.192667
0.750440
0.082030
0.028299
0.881678
0.068242
0.135767
0.390406
0.866396
0.580643
0.002491
0.360875
0.302132
0.226281
0.818371
0.072964
0.021443
0.410971
0.016007
0.371675
1.757834
0.224791
1.190065
0.609005
0.102845
0.564113
0.072370
0.774934
0.160800
0.060762
0.127762
0.811994
0.082550
1.095396
0.351162
0.158328
0.678410
0.417533
0.216898
0.187744
0.229295
0.024364
0.204704
0.267580
0.129519
0.322206
0.810949
0.124979
0.083931
0.103412
0.095119
0.470595
0.377193
0.580585
0.254291
0.081326
1.535308
0.163997
0.791732
0.080469
0.297572
0.131945
0.150316
1.337845
0.571011
0.534059
0.106060
0.229597
0.307710
0.159218
0.367838
0.256698
0.571488
0.755809
0.092901
0.898153
0.391200
0.021709
0.057926
0.424422
0.069901
0.830960
0.313474
0.236206
1.165322
0.812853
0.916553
0.172008
0.129726
0.920357
0.539381
0.211110
0.343817
0.017646
0.867874
0.304967
0.182492
0.305312
0.462095
0.053835
0.434181
0.071748
0.571129
1.266931
0.201420
1.037231
0.505985
0.488174
0.032864
0.097413
0.113421
0.019387
0.110788
0.173854
0.076053
0.355005
0.013386
1.918979
0.009338
1.695533
0.031776
1.037285
1.001924
0.085682
0.952339
1.358115
0.541809
0.012893
0.923943
0.637775
0.100496
0.133796
1.574681
0.196413
0.874108
0.089203
0.118209
0.625950
0.949185
0.051840
0.148156
0.033100
0.460406
0.371286
0.673410
0.039034
0.098386
0.049171
0.093905
0.906796
0.198096
1.524213
0.769063
0.075853
0.648523
0.005822
0.420954
0.035289
0.178879
0.911659
0.956420
0.158080
0.531901
0.119779
0.184185
1.124195
0.601782
0.898083
0.082249
0.166378
0.186904
1.527208
0.395404
0.247409
0.036129
0.479057
0.427874
0.472671
0.590113
0.654145
0.230121
0.438633
0.544185
2.484556
0.113361
0.277211
2.592870
1.513973
0.170557
0.465076
0.675645
0.415472
0.134819
0.140531
0.011632
0.322534
0.443018
0.587348
0.051286
0.296248
0.524338
0.810888
0.846186
0.068403
1.434585
0.156949
1.277345
0.865896
0.630541
0.765343
0.100580
0.405353
0.390509
0.268064
0.719918
0.181659
2.231836
0.241961
0.846500
0.035611
0.250396
0.052721
1.445234
0.229861
0.032081
0.366071
1.059921
0.184828
0.908243
0.140979
0.245015
1.120805
0.496972
0.341498
0.705455
0.270600
0.336910
0.344131
0.216515
1.717962
1.091976
0.462809
0.480626
0.745175
0.332517
1.126175
0.623456
0.863594
2.253757
0.583361
0.382359
1.283328
0.221109
0.528288
0.076517
1.172592
0.249652
1.390831
0.025939
0.584082
0.041079
0.478059
0.579491
1.012951
0.432733
0.565454
0.618027
0.044960
0.201069
2.402148
0.161136
0.177839
0.227139
0.074295
0.555406
0.451229
0.404104
0.984375
0.121339
0.349032
0.646184
0.317628
0.518734
0.275200
0.047788
1.699379
0.253997
0.110911
0.483139
2.455581
0.133563
1.417888
1.073790
0.352380
0.376388
1.442476
0.113296
0.564466
2.003504
0.192114
0.876485
0.023246
0.340418
0.263721
1.964500
0.365542
0.201848
0.345686
0.424566
0.113614
0.110824
0.156362
0.334709
0.614293
0.333592
0.313263
0.427540
0.928062
0.299562
0.017658
0.119321
0.096948
0.218814
1.894642
1.658215
0.115788
0.177276
0.046059
0.035295
0.334948
0.874999
0.237273
0.133918
0.049375
0.239287
0.151852
0.051972
0.140703
0.257407
1.440721
1.162662
0.045377
0.068344
0.124224
0.221933
0.301841
0.013395
0.176163
0.849826
0.421182
0.231051
0.181453
0.105554
0.447139
0.424220
0.125396
0.027935
0.149876
1.792709
0.012411
0.030697
0.811153
0.429941
0.040545
0.050411
1.059668
0.170235
1.095895
0.238167
1.226649
0.289161
1.943643
0.291232
1.435660
0.191499
0.699034
0.279896
0.584846
0.030011
0.052157
0.942081
0.035629
1.486155
0.663334
0.049898
0.169097
0.540846
0.035509
0.112889
0.759022
1.230722
0.091924
0.381978
1.564555
0.433785
0.403515
0.012976
0.424967
1.722966
0.161385
0.231693
1.068187
0.247587
0.652269
0.174520
1.335904
0.099091
0.415507
0.688111
0.627434
0.050118
3.156740
0.399758
0.324687
0.334014
0.681258
0.074988
0.647497
0.421514
0.094544
0.494535
0.055355
0.251053
0.330107
0.075777
0.384753
0.172330
1.095985
0.629533
0.091535
0.524376
0.144663
0.304187
0.024724
0.979919
0.116808
0.326911
0.303867
0.097550
3.137284
0.209471
0.201422
1.236496
0.496948
0.109697
1.159922
0.029327
0.282483
0.140802
1.099069
0.151589
0.434729
1.002434
0.314800
0.082218
0.273190
0.015185
0.713129
0.977869
0.327748
0.030118
0.357466
0.445650
0.038690
0.313889
0.872561
0.051147
0.149413
0.291290
0.017071
0.073937
0.183718
0.008115
0.418979
0.268956
0.159388
0.549070
0.010214
1.001762
0.275414
0.135483
0.155142
0.300976
0.060481
0.948347
1.046218
0.143130
0.851438
0.305635
0.346601
1.591550
0.132790
0.019383
0.042727
0.417420
0.617641
0.193230
0.211048
0.073537
0.584668
0.108437
0.933882
0.929418
0.413533
0.781436
0.230603
0.822114
0.380586
0.070361
0.146029
0.791156
0.093063
0.213102
0.184813
0.341630
2.526854
0.565000
0.768655
0.108033
1.184006
0.677976
0.809861
2.286462
0.274200
0.553691
0.432789
0.324444
0.119234
1.080976
0.356724
0.242894
0.069628
0.834465
0.676805
0.521403
0.069366
0.088557
0.024758
1.411711
0.491818
0.023435
0.416487
0.044515
0.531121
0.084508
0.426211
0.830924
0.132635
0.024633
1.356548
0.094585
0.681566
0.775594
1.968830
0.229450
0.213077
0.742739
2.643647
0.017049
0.273608
0.098208
0.109315
0.438701
0.466994
0.072468
0.523002
0.023024
0.251730
0.137129
0.254823
1.159933
0.049730
0.099643
0.696900
0.547299
0.071983
0.373465
0.373573
0.135512
0.000857
0.737738
0.679190
0.183994
0.298535
0.025249
0.506148
0.466091
0.103887
0.089756
0.719487
1.025044
0.393357
0.069194
0.070212
1.046151
1.745662
0.025827
0.054317
0.080653
0.603547
0.469838
0.448576
0.171511
0.226015
0.056895
0.569526
0.600759
0.351476
0.346227
0.551400
0.040784
0.329164
0.683482
0.134038
0.092226
1.845165
0.284424
0.146580
0.459209
0.329543
0.207303
0.172925
0.028800
0.662113
0.105721
0.071727
0.040184
1.080966
0.318061
0.219330
0.092206
0.277073
0.195920
0.491684
0.218467
0.286524
0.080965
0.498822
0.308181
0.866333
0.190380
0.043733
0.436030
0.095842
0.567797
0.033733
0.348608
0.498601
0.648701
0.518230
0.276430
1.156954
0.125866
0.204349
0.334412
0.457482
0.157480
1.417327
0.749625
0.018123
0.157674
0.594116
1.186997
0.070818
0.432263
0.015760
0.350995
0.337000
0.027007
0.647538
1.449090
0.389098
0.537764
0.907853
0.061958
0.792868
1.886570
0.754336
0.132957
0.213362
0.012248
0.604907
0.156628
0.009339
2.613219
0.605693
0.077296
0.210844
0.516153
0.467670
0.024180
0.286747
0.224129
0.588733
0.312029
0.248529
0.002744
1.751154
0.513788
0.125395
0.020187
0.024171
0.078346
0.401167
0.650554
0.492516
0.813794
0.031028
0.152982
0.060742
0.483981
0.692326
0.213346
0.564151
0.407156
0.285672
2.025401
0.269697
0.837931
0.485933
0.500704
0.692007
0.538421
0.227373
0.070276
0.701567
0.264721
0.779273
0.055014
0.075581
1.083903
0.806859
1.532071
0.121241
1.316742
0.780213
0.683642
0.470364
0.339112
0.087026
0.994769
0.346741
0.184048
0.591104
1.553889
0.643055
0.342413
0.168682
0.587090
0.274567
0.815163
0.044171
0.034736
1.685995
0.088584
0.802477
0.338787
0.458414
0.834578
0.307259
0.030345
0.587851
0.197752
0.085470
0.899128
1.766737
0.099262
0.157552
0.618056
0.232809
0.305554
0.006072
0.992879
0.789399
0.008214
0.922454
0.876055
0.388012
1.067291
0.892953
0.246084
1.107985
0.133871
1.072633
1.608445
0.241567
0.539419
0.751251
0.124216
0.090727
0.009199
0.257354
1.058691
0.208906
0.886574
0.120156
0.156608
0.384602
1.497225
0.423520
0.073851
0.804019
1.098190
1.874054
2.248682
0.800107
0.299165
0.605375
1.601670
0.107458
0.201347
0.130734
1.422129
0.119089
0.023991
0.238005
0.382626
0.055633
0.710079
0.085227
1.717025
1.029376
0.114640
0.527978
0.368860
0.907583
0.510902
0.257286
0.345930
0.568950
0.344133
0.241525
0.746009
0.804024
1.303179
0.452585
0.013530
0.580979
0.393617
0.057132
0.769943
0.334592
0.583991
0.068156
0.599080
0.349362
0.130837
0.456721
0.014167
0.391014
0.099977
1.462641
0.186358
0.186576
0.231308
0.671488
0.137991
0.249776
0.318974
0.451775
3.874842
0.709883
0.408766
0.233366
0.110530
0.210914
0.104777
0.279691
0.717790
0.191725
1.292569
2.532835
1.531578
0.291144
0.169727
0.664479
0.172872
0.781076
0.908557
1.671850
0.471131
0.408099
0.310099
0.406481
0.246888
0.248416
0.592714
0.365656
0.092267
0.070268
0.386310
0.340871
0.055514
0.108550
1.129802
0.334584
0.407799
0.001291
0.216706
0.077168
0.549240
1.336813
0.171220
0.290374
0.893285
0.148332
0.309729
1.015524
1.551666
0.236535
0.758670
0.189937
1.089804
0.227395
0.459447
0.565963
0.125146
0.366390
0.024294
0.056426
0.440296
1.039917
1.472536
1.978344
0.391986
0.056686
0.253316
0.274860
0.336120
1.482651
0.578719
0.640718
0.661879
0.053718
0.033960
0.480677
0.272699
0.331603
0.046900
0.822903
0.527877
0.208368
1.241432
0.402085
0.405950
0.304401
1.576201
0.358732
0.235955
0.492737
0.429503
0.936071
0.101915
0.103471
0.780849
0.135663
1.053936
0.007398
0.914022
0.525945
0.603037
0.329075
0.103671
0.139729
0.542712
0.171475
0.363780
0.737411
0.129942
0.275988
0.216877
1.010080
0.848977
0.212999
0.023307
0.300122
0.237715
0.319626
0.094558
0.004036
0.071288
0.162541
0.335218
0.305541
0.771579
0.150966
0.047949
1.048956
0.425129
0.172645
0.252653
2.436771
0.336319
0.229463
0.487783
0.059051
0.108244
0.488652
0.065001
1.015638
0.308089
0.076985
0.248175
0.699918
0.728217
0.984658
0.391887
0.455904
2.364239
0.278899
0.381195
0.594889
0.862624
0.106005
0.999029
4.139258
0.659274
0.659449
0.184041
0.398494
0.211270
0.015062
0.686973
0.021198
0.528218
0.201110
1.175346
0.135721
0.231731
0.589530
0.613708
0.649287
0.009896
0.232221
0.015763
0.456818
0.204193
0.004655
0.715784
0.137440
0.214452
1.208447
0.929566
0.206118
1.504845
0.177349
0.828146
0.311727
1.440129
0.773908
1.501708
0.042968
0.002454
0.158915
0.046937
1.565433
1.026514
1.115992
0.215366
1.136897
0.117324
0.114817
0.238282
0.193174
0.037832
0.736544
0.410483
0.835224
0.394472
0.094766
0.776550
0.771576
0.133272
0.315885
0.401901
0.771583
0.167790
0.163259
1.148922
0.187716
0.640732
0.994238
0.027663
0.484772
0.943925
0.320290
1.397523
1.104718
0.125095
0.108036
2.297768
0.180341
0.084610
0.304202
0.186030
0.628983
1.272990
0.251115
0.671978
0.383550
0.393984
0.623804
0.097983
1.797648
0.464476
0.771357
0.543335
0.225924
0.087551
0.572868
0.389665
0.259438
0.536236
0.168487
0.012339
0.603643
0.427506
0.220721
0.160195
0.224112
0.207377
1.282113
0.122444
0.476064
0.993412
0.145904
0.541782
0.645083
0.172760
0.063831
0.180243
0.949516
0.722261
1.248959
0.369447
0.160641
0.139977
1.475606
0.249275
0.137780
0.015503
0.064770
0.025687
0.505197
2.046719
0.496062
0.091180
0.602001
0.025853
1.434909
1.092098
0.034568
0.616376
1.420394
0.841138
0.658918
0.375033
0.300884
0.267449
0.534936
0.187847
0.675721
0.126882
1.027414
0.742901
0.130109
0.700169
0.939052
0.401742
0.249710
0.071974
0.151044
0.013986
0.478664
0.353154
0.232744
0.044547
0.522889
0.629586
0.560046
0.641818
2.032641
0.487891
0.328613
0.078903
0.409967
0.095280
0.044105
0.012110
0.102011
0.842424
0.715773
0.078961
0.136689
0.084746
0.193312
0.125509
0.012768
0.674116
0.138120
0.597498
0.287534
0.158568
0.482496
0.727680
0.529169
0.284406
1.204944
0.181409
0.088606
0.270645
0.230146
0.060231
0.259913
0.086858
0.071001
1.348582
0.157084
0.135645
0.267159
1.341063
0.056779
0.098550
0.507251
0.033546
0.482267
0.898527
0.493881
1.263011
0.896663
0.121249
0.067288
0.126614
1.017320
0.997144
0.246741
0.241077
0.339144
0.595534
0.264612
0.516564
0.365725
0.176707
0.548692
0.769245
0.301287
0.879071
0.033322
0.442063
0.296149
0.808866
0.225486
0.800863
0.429023
0.004364
0.033203
0.921292
0.516153
0.468119
1.696751
0.288738
0.000258
0.549007
0.190922
0.355340
0.404149
0.386323
0.607529
0.326395
0.266626
0.290474
0.603283
1.579029
0.415376
0.880988
0.081269
0.188347
0.158376
1.157647
0.372131
0.146205
0.122297
0.701066
0.156569
0.426252
0.262923
0.073595
0.228192
0.441019
1.340825
0.410279
0.792942
0.335767
1.159669
0.126100
0.298499
0.244076
0.393104
0.148558
0.052866
0.193252
0.963167
0.381419
0.110970
0.120091
0.407118
1.066863
0.070204
0.527793
0.224059
0.111582
0.567778
0.984211
0.297216
0.479780
1.105255
0.112019
0.269203
0.070747
0.354297
0.191136
0.275473
0.226730
0.248224
0.747171
0.427989
0.143579
0.069805
2.350686
0.211776
0.087224
0.297506
2.731569
0.663022
0.189091
0.284439
0.386559
0.229982
0.489125
0.051954
0.647527
0.926431
1.000864
0.212131
1.788909
0.317564
0.362187
1.010419
0.197355
0.095086
0.580199
0.201892
0.329928
0.014761
1.307199
0.375376
1.135081
1.219405
0.211272
0.038717
0.197917
1.173794
0.149819
0.404469
0.194212
0.705964
0.441986
0.240262
0.413399
0.831633
0.705279
1.787447
0.049720
1.062823
2.198474
0.012192
0.997458
0.881879
0.169808
0.582295
0.227113
0.439762
0.273547
2.242803
0.438681
0.200813
0.140926
0.024387
0.036984
0.185811
0.507316
1.002997
0.006949
1.743981
0.196918
0.163586
0.873320
0.399544
0.133545
0.337605
0.263543
0.291610
0.024832
0.193345
1.895278
0.296323
0.016683
0.375444
2.271180
0.017749
0.086736
0.566726
0.340278
0.007741
0.114598
0.384642
0.424772
0.090894
0.594381
0.484664
0.313201
0.305695
0.443758
1.456370
1.339121
0.499998
0.015283
1.372185
0.344931
0.961205
1.182457
0.973908
0.422930
0.508867
0.657890
0.156654
0.554833
0.144408
0.024112
0.162950
0.252253
1.054365
0.725050
1.825171
0.190559
0.107706
0.023529
0.429245
0.094068
0.237624
0.428549
0.145463
0.421308
0.105797
0.113501
0.091737
0.170251
0.164177
0.072657
0.073958
1.237352
0.027628
0.348864
1.231596
0.557407
0.614107
0.535167
2.036946
0.050056
0.059437
0.659763
0.068833
0.407532
0.018525
0.170626
0.147763
0.141193
0.841701
0.142718
0.259713
0.090506
0.859176
0.316896
0.462517
0.642132
1.224599
0.345967
0.175455
0.037058
0.505718
0.217490
0.118606
0.141519
0.033456
0.820259
0.316057
0.498272
0.523643
0.478739
0.320619
0.716257
0.016837
0.381762
0.438556
0.431226
0.202176
0.971671
0.872345
0.897643
0.588219
0.076369
0.520036
1.235694
0.218132
0.092105
0.436783
0.690745
0.007600
0.375563
1.013520
0.053182
0.992397
0.418684
0.064459
0.986568
0.334823
0.542980
0.204976
0.344486
0.207877
0.012968
0.179712
0.248306
0.293330
0.143367
0.782347
0.761337
1.300990
0.082865
0.987213
0.346012
0.032298
0.199734
1.353159
0.447993
0.174671
0.364665
0.070739
0.167039
0.131190
0.663442
0.031525
1.740135
0.223126
0.071987
0.530265
0.110084
0.205744
0.487638
0.163557
0.064362
2.556759
1.192268
0.391284
0.197813
0.387898
0.061777
0.260916
0.101986
0.072827
0.035594
0.951073
0.443791
0.256629
0.176544
0.855370
0.287980
0.604185
0.012397
0.447094
1.503486
0.021559
0.164942
0.523590
2.037125
0.110222
0.023720
0.595513
0.109849
0.002407
0.628453
0.968489
0.305175
0.055305
1.148068
0.278034
1.044185
0.798264
1.280153
0.074025
0.962814
0.822464
0.820118
0.393632
0.200476
0.514475
0.326455
0.327544
0.358594
0.058141
2.501515
0.051559
0.655506
0.633666
0.301692
0.164909
0.919011
0.317653
0.054366
0.487965
0.273905
1.397990
0.943320
0.249408
1.538683
0.372804
2.721803
0.199388
0.068566
0.632876
1.839170
0.233288
0.403905
1.084117
0.487711
0.117054
0.010503
0.233109
0.784244
0.049342
0.226531
0.085870
0.094010
0.680904
0.048473
1.065730
0.480142
0.397123
0.396648
0.194991
0.348830
0.207152
1.375752
0.099306
0.328170
0.272286
0.279440
1.355375
0.403660
0.110738
1.611939
0.039018
0.594606
1.286466
0.283448
0.535800
0.156940
0.596665
1.564987
0.121743
0.084808
0.048572
1.168480
0.048574
1.672916
1.039675
1.350908
0.373932
1.598639
0.021705
1.888228
0.029514
0.237491
0.776519
0.420127
0.047385
0.540250
0.160139
0.006867
0.138780
0.356072
0.493011
0.011007
1.385923
0.761072
2.025910
0.626832
0.197614
0.024402
0.405746
0.272567
1.132383
0.366142
0.017901
0.039405
0.630433
0.707485
0.014322
0.437778
0.597849
0.000148
1.991191
0.597917
0.598485
0.317974
0.863934
0.009464
0.078623
0.377992
0.173767
0.037998
1.376699
0.117962
0.079706
0.452177
0.322483
0.598424
0.930796
0.739978
1.309025
0.007407
0.077139
0.925927
0.117578
1.422884
0.580997
0.666042
0.100159
1.570955
1.363968
0.451089
0.515673
0.972774
0.070332
0.258374
0.209449
0.895432
0.197443
0.094214
0.289280
0.123269
0.176955
0.384335
0.762841
1.368795
0.080398
0.256683
0.248721
1.344302
0.378029
1.048251
0.542653
0.490038
0.487285
0.818260
0.264740
0.092532
0.377521
0.997148
0.263280
0.127740
0.123476
0.693424
0.426878
0.225118
1.250674
0.148102
0.637440
0.018262
0.759048
0.056242
0.028032
0.200942
0.071113
0.099678
0.673784
0.205074
0.577484
0.531077
0.515925
1.022951
0.314181
0.028668
0.386071
0.766062
0.261625
0.187560
0.066061
0.069872
1.484566
2.877831
0.827754
1.444282
0.444739
0.345672
0.205839
0.649701
0.849580
0.029791
0.072344
0.013429
0.241918
1.252792
0.041179
0.655239
0.182564
0.075772
0.261067
0.102776
0.740723
0.483909
0.909902
0.178068
0.685343
0.084262
0.429426
0.674945
0.319162
1.368020
0.307248
1.002529
1.119500
1.643663
0.110333
0.016984
0.199551
0.840321
0.490019
0.246058
0.216646
0.899019
0.226754
1.267129
0.983257
1.655500
1.085249
1.814808
0.093961
0.252155
1.106662
0.237438
0.583256
0.282372
0.063284
0.052061
1.627414
0.308302
0.007764
1.785676
0.275593
0.592761
0.003513
0.569051
0.447699
0.151417
0.185126
0.692673
0.151710
0.441463
0.059014
0.059792
0.188214
0.124067
0.137215
0.440977
0.214582
0.703916
0.755802
0.060861
0.096635
0.573042
0.256466
0.009007
0.020768
0.764332
0.863503
0.295674
1.648266
1.509795
0.309449
0.808291
0.372982
0.859975
0.168813
0.945266
0.169661
0.082753
0.552042
0.135392
1.395396
0.358522
1.343553
0.855299
0.004116
0.812018
0.188965
0.381161
0.087352
0.030251
0.636021
0.588141
0.198377
0.175930
0.190108
0.843510
0.370748
0.072064
1.083807
0.284623
0.020542
0.351682
1.225480
0.028322
0.417421
0.641118
0.308957
1.130712
0.564424
0.372009
0.179355
0.004802
0.496618
0.043730
0.353786
0.972516
1.114372
0.344409
0.021530
0.216856
0.258447
0.826124
0.312488
0.523879
0.250606
0.246914
1.387647
0.256448
0.536626
0.745194
0.495689
0.356899
0.155703
0.167757
0.344926
0.725976
0.152470
0.282877
0.722876
0.788921
0.595214
0.078979
0.664049
0.316872
0.102057
0.043760
0.279312
0.309607
0.537849
0.840206
1.164120
1.023218
0.491922
0.217012
0.806072
0.570844
1.001757
0.255943
0.336013
0.064595
1.154417
0.734321
0.250699
0.158117
0.421562
1.043149
0.327558
0.706218
0.547791
0.538818
1.230213
0.613146
0.107210
0.454780
0.813157
0.960537
0.488054
0.391483
0.242892
0.046524
0.190922
0.371710
0.370950
0.232744
0.049288
0.663564
0.080543
0.416028
0.227250
0.341425
0.360068
0.157010
0.263749
0.373067
0.096972
0.000345
0.432213
0.191064
0.763263
0.010292
0.275698
0.655213
0.032733
0.024407
0.617254
0.383412
0.240260
0.359564
0.009783
0.510514
0.617291
1.111099
0.475926
0.034243
0.364572
0.476753
0.780180
0.362584
0.190134
0.264879
1.225712
0.647573
0.159897
0.053200
0.269351
0.011414
0.201753
0.227393
0.406608
0.164166
1.027808
0.316854
0.997492
1.971753
0.162833
0.417042
0.102421
0.028729
0.331412
0.764748
0.956564
2.072502
0.637243
0.106570
0.120978
1.988753
0.090844
0.181399
1.205962
0.235060
0.965872
0.682541
0.092721
0.799320
0.056898
0.741979
0.116692
0.245171
0.059970
0.520270
0.600889
0.853648
1.596140
0.457976
1.289002
1.274402
0.058252
0.202188
0.061238
0.244618
0.640259
0.296047
1.208048
0.524249
0.697489
0.429349
0.523808
0.403942
0.288940
0.853078
0.329452
0.694176
1.082482
0.200445
1.611423
0.242535
0.596201
0.124470
0.821686
0.697637
0.823687
0.649401
0.037270
0.132319
1.150233
0.660673
0.172688
0.268065
0.731766
0.416120
0.623533
0.418027
0.397041
0.186118
0.690319
0.268207
0.416897
0.034034
1.677932
0.769326
0.017492
0.859221
0.676823
0.812610
0.132181
0.216721
0.318934
1.085975
0.700470
0.207609
0.038809
0.097416
0.166887
0.410840
0.047437
0.132151
0.411776
1.255651
1.167619
0.173545
0.784584
0.321756
1.024089
0.261011
0.039132
0.123105
0.001450
0.565785
0.172987
0.379989
0.712042
0.034863
1.891050
0.126385
1.192375
1.031673
0.019142
0.166906
0.012117
0.246396
0.172334
2.643744
0.025637
0.023237
0.121879
0.668960
2.528726
0.040706
0.036151
0.179167
0.464873
0.028139
0.682723
0.658240
0.273949
0.804274
0.471449
0.621315
0.048520
0.195314
0.946214
0.050191
0.118118
0.167545
0.246501
0.299711
0.796894
0.434700
0.300201
0.880694
0.301611
0.783741
0.420857
0.547270
0.830161
0.225127
0.057954
0.261776
0.189537
0.603307
0.112801
0.263958
0.556981
0.002098
0.226332
1.149254
0.284527
0.125563
0.285790
0.123570
0.116801
0.162910
0.288279
0.206216
0.062761
0.472563
0.163816
0.255240
0.188801
0.685618
0.345036
0.484948
0.045128
0.340929
0.053458
0.123370
1.666783
0.418462
1.115048
1.449460
0.127730
1.936463
0.305948
0.115359
1.025655
0.101375
0.241408
0.219656
0.133828
0.719455
0.475949
0.232141
0.223048
0.314216
0.579874
1.178247
0.352234
0.055041
1.596145
0.466558
0.224670
0.177235
0.072853
0.916612
0.470503
0.189695
0.203541
0.285204
0.049110
0.175732
0.516982
0.362977
0.649074
0.034044
0.162922
0.633637
0.099228
0.194400
0.019367
0.391617
0.301122
0.790000
0.096950
0.243528
0.133750
0.717091
0.631052
0.520052
0.056946
0.118899
0.006078
0.034851
0.441153
0.820545
0.202002
1.615476
0.779791
0.732902
0.249323
0.133703
0.418891
0.069463
2.105822
1.090024
0.112722
0.183748
0.653892
0.040782
0.272041
0.530064
0.979287
0.121344
0.511567
0.295816
0.477125
0.470710
0.018151
0.104174
1.839447
0.468882
0.012880
0.260662
0.063797
0.176537
0.543730
0.913112
0.653557
0.014948
0.016637
0.011048
0.163522
0.163842
0.012183
0.407890
0.223407
0.102212
0.201986
0.439449
0.028381
0.276176
1.859973
0.566403
2.531449
0.537667
0.648621
1.173838
0.255399
0.370434
0.057037
1.294833
0.629947
0.064414
0.390180
0.213091
0.038283
0.834145
0.635774
0.223730
0.074278
0.103132
0.356621
0.561327
0.704484
0.296882
0.282963
0.269227
0.465780
0.034606
1.095115
0.297636
0.258603
1.396963
0.670573
0.111372
0.013106
0.874173
0.395679
0.444705
0.020800
0.876942
0.604678
1.791123
0.393270
0.780229
0.977909
0.556521
1.290913
0.779390
1.337847
0.579281
0.532287
0.587358
0.114798
1.063764
0.706136
2.530994
0.412809
0.069877
0.046603
0.659228
0.195517
0.306715
0.093907
1.040630
1.419537
0.069291
1.613358
1.767669
0.049336
0.112124
0.146630
1.002940
0.699381
0.188567
0.220532
0.101974
0.846942
0.806736
0.070313
0.881199
0.228723
1.089500
0.118335
0.021416
0.586839
0.845224
0.094546
0.577453
0.201897
0.458890
0.111895
0.050632
0.481651
1.326366
0.814508
0.727458
1.188120
0.513209
0.145795
1.302581
0.058780
0.051300
1.108840
0.228463
0.222866
0.390119
0.260813
0.066997
0.561996
0.033096
0.307809
0.031446
0.306700
1.182246
0.106055
0.132475
1.367356
0.005735
0.543815
0.802131
0.083910
0.431700
0.029826
0.144637
0.837637
0.739279
0.422266
0.028204
0.782598
0.398930
1.445999
0.790216
0.554723
0.014488
0.000740
0.987803
0.145975
0.274556
0.452637
0.662197
1.414107
0.254009
0.297331
0.704771
0.805156
0.382187
0.138321
0.880462
0.059405
0.723020
1.337916
0.932015
0.072686
2.320114
0.636704
0.064669
0.034039
0.049063
1.033825
0.115373
0.126910
0.447790
0.361626
0.631095
0.027872
0.146074
1.231643
0.815340
0.143101
0.039193
0.066804
0.000569
0.060394
0.156850
0.322001
0.108076
0.033439
0.147661
0.568108
0.272146
0.606395
0.088290
0.358417
0.116296
0.901831
1.872180
0.348609
0.516087
0.851809
0.647157
0.288048
2.069163
1.377792
0.396774
0.142863
0.030750
0.319967
0.120798
0.131479
0.111233
0.162369
0.180549
0.010717
0.250491
0.025547
0.089793
0.777539
0.850813
0.489582
1.013554
0.145175
0.201082
0.166690
0.858512
0.312992
0.626163
1.181078
0.345118
2.585323
0.368243
1.242717
0.083855
0.004209
1.117388
0.238707
0.100924
2.406785
0.395994
0.235225
0.190921
0.330496
1.134275
0.059611
1.408250
0.585242
0.100342
2.410996
0.587875
0.419186
0.269267
0.246044
0.029057
1.088843
0.618728
1.336491
0.392299
1.249348
0.455874
0.446625
0.354004
0.302118
0.058161
0.445270
0.887509
0.393010
0.839178
0.304489
0.413216
0.065700
0.340748
0.008519
1.408435
0.031772
0.699014
0.155424
0.261516
0.076827
0.960654
0.109140
0.935297
0.101156
0.224088
0.840046
1.146495
0.050247
1.213605
0.132105
0.243359
0.661846
0.815966
0.228357
0.055003
0.799932
0.153431
0.113159
0.008897
0.285553
0.634328
0.631269
0.613096
0.593746
0.058781
0.080029
0.993728
0.617978
0.468047
0.015201
0.167489
0.023383
1.081116
0.027548
1.471096
0.281789
1.969019
0.338506
0.807086
0.319542
0.561399
0.390757
0.131727
0.473810
0.401103
0.735848
0.103760
0.557062
1.119020
0.137641
0.312409
0.122169
0.235123
0.092904
1.208282
0.215346
0.311284
1.653660
0.491059
0.339206
0.699944
2.016435
0.065447
0.012024
0.220481
0.042614
0.046905
1.691658
0.537052
0.543062
0.154674
1.288931
0.675895
0.681240
2.073601
0.181798
0.143931
0.010062
0.933032
0.279767
0.115131
0.754558
1.070006
0.454440
0.110244
0.529058
0.074104
0.064440
0.183598
0.138471
0.498100
0.355335
0.325043
0.653553
2.686768
0.027820
0.464522
0.254558
0.394084
0.135809
0.498964
0.127853
0.093008
0.830582
0.025494
0.324531
0.672303
0.238737
0.802200
0.483306
0.070839
0.107474
0.684884
0.134068
1.543875
0.373140
0.209806
0.663909
0.122886
0.137221
0.689041
0.461542
0.633336
0.202762
0.001609
0.001697
1.416304
0.702280
0.179694
1.710429
0.560665
0.354729
0.305783
0.105862
1.683174
1.146626
0.388135
0.770420
1.287905
0.063206
0.801848
0.138285
1.157953
0.386841
0.669419
0.021025
0.042488
0.116227
0.007018
0.136704
0.367234
0.550959
0.087743
0.056111
0.064336
0.130300
0.633401
1.474745
1.052086
0.292331
0.405285
0.371085
0.380279
0.186303
0.025816
0.725785
0.722237
0.663758
1.055415
0.023136
1.698825
0.747357
1.811207
1.490981
3.319308
0.001194
0.042331
0.209944
0.759232
0.309920
0.192972
0.309932
0.394801
0.108850
0.001961
0.788216
0.819811
0.395772
2.770820
0.061125
0.009129
0.036515
0.553613
0.624738
0.104617
0.043958
0.350091
0.259630
0.338722
0.336685
0.525189
0.862209
0.607132
0.375073
0.047288
0.585815
0.086502
0.030110
0.146514
1.699398
0.271885
0.476018
0.153999
0.154141
0.738105
0.420880
3.056597
0.800334
2.204453
0.331161
0.277012
0.075213
0.143959
0.660003
0.164307
0.175027
1.402081
0.118106
1.743787
0.067531
0.238418
0.086570
2.175386
0.138978
0.390160
0.015284
1.888929
0.453579
0.363984
0.043074
0.151659
0.180360
0.456518
0.166909
0.055776
0.033677
0.680986
0.801036
0.686657
0.216782
0.798707
1.397429
0.596283
0.028658
0.130303
0.746024
1.215070
0.425126
0.138974
0.294879
0.091729
0.039797
1.015929
0.677841
0.505606
2.264693
0.598211
0.581216
0.019755
0.051581
0.254656
0.364709
0.910508
0.453561
0.162193
0.014896
0.187544
0.695913
0.281868
0.338457
1.674893
0.118546
0.521068
0.086728
0.287242
0.664345
0.055255
0.259441
0.614546
1.798132
0.026125
0.491119
0.146162
0.064039
0.292515
0.002916
0.636692
0.003309
0.959939
0.562038
0.368271
0.231912
0.348031
1.670526
0.018822
1.209297
0.248015
0.342974
0.780913
0.574734
0.304698
0.240055
0.143796
0.486849
0.154668
0.755333
0.503182
0.155637
0.544579
0.296289
0.264149
0.307445
0.302278
0.024876
0.625245
0.037874
0.042987
0.437689
0.290774
0.211815
0.018161
0.348144
0.956594
0.072677
0.627834
1.334859
0.691065
0.630487
0.156006
0.665547
0.775679
0.444180
0.745661
0.093018
0.052351
0.670971
0.593746
0.062461
0.634494
0.165775
0.724091
0.257879
0.274911
0.320098
0.388262
0.671307
0.528910
0.259161
0.055281
0.095972
0.171551
0.203598
0.623241
0.677532
1.549181
0.479656
0.172600
0.190980
0.955722
0.817239
0.646215
0.693852
0.094560
0.037036
1.338805
1.164545
0.151453
0.116612
0.151167
0.045389
0.347901
0.760926
1.213440
0.676048
0.037476
0.534765
0.216064
0.075396
0.394924
0.033956
0.358183
0.233699
0.117746
0.270467
1.081855
1.196396
0.160568
0.321552
0.147446
0.190073
0.008736
0.059953
0.069069
0.321850
0.373888
0.145641
0.024128
0.743387
1.265762
0.117199
1.041164
0.099351
0.644547
0.199563
0.046709
1.685129
0.088594
0.044073
0.022776
0.267396
0.469399
0.871204
0.064615
0.315236
1.455593
0.357819
0.247533
0.485798
1.186622
1.575055
0.993585
0.025042
0.014868
0.261381
0.309587
0.174245
0.268799
0.115165
0.588760
0.670470
0.172612
0.477924
1.429236
0.005642
0.435027
0.030683
0.220874
0.430694
0.753793
0.104772
0.179412
0.215882
0.084667
0.040673
0.021384
0.530972
0.276476
0.759336
0.128635
0.354869
0.735101
0.275275
0.385820
1.082258
0.311467
0.147002
0.102037
0.380499
0.741635
0.433910
0.188222
0.256988
0.365879
0.777215
0.360226
0.939454
0.479322
2.066295
0.250683
1.472269
0.355686
0.151704
0.270566
0.915276
0.271427
0.538012
0.562871
0.471824
0.485572
0.017225
0.078395
1.787928
0.396896
0.054025
0.204954
2.608697
1.068223
0.384066
0.451486
0.033518
0.674744
0.629268
0.515257
1.025602
1.565771
0.228736
0.084469
0.304494
0.540849
0.055270
0.963391
0.500660
0.117290
0.171553
0.234160
1.301934
0.350694
0.316348
0.883791
0.167134
0.363283
0.582433
0.850295
0.296179
0.229296
0.036103
0.801405
0.139760
0.304568
0.004877
0.077286
0.039069
0.156323
0.366867
0.685163
0.483402
0.224345
0.202496
0.015380
0.067206
0.877097
0.465060
0.382230
1.229344
0.118492
0.119341
0.611730
0.112310
0.132952
0.131751
0.135905
0.040095
0.067759
0.028232
0.574517
0.079829
0.068710
1.465922
0.117449
0.376801
0.323273
0.475706
0.119513
0.151681
0.938254
0.297139
0.103998
0.092849
0.238732
0.588312
0.055476
0.013956
0.512854
1.829506
0.044849
1.299571
0.473040
0.356347
0.087563
0.010569
0.369205
0.240696
0.439137
0.611670
0.475988
1.035769
0.302162
1.323619
0.164673
0.082261
0.492628
0.121293
0.173582
0.544227
0.317762
0.017745
0.008151
0.740741
0.716816
0.361804
0.485672
0.182535
0.304102
0.329473
0.063470
0.497728
1.136539
1.719036
0.025068
0.996729
0.338876
0.065901
0.260365
0.105220
0.356688
0.750555
0.005011
0.448140
0.186149
0.315701
0.152228
0.281178
0.161643
0.525573
0.200865
0.264227
0.000227
0.473180
0.205769
0.099417
0.379438
0.045748
0.361835
0.065786
0.017803
1.109824
1.657461
0.168118
0.092749
0.440915
0.335671
0.144928
0.058849
0.098896
0.098572
0.129235
0.048139
0.575845
0.158943
0.787702
0.130947
0.304440
0.539100
0.071417
0.022259
0.842295
1.612584
1.378562
0.106236
0.085458
0.358092
1.060669
0.197257
1.447869
0.160469
0.026066
0.669250
0.398972
0.437177
0.163690
0.216583
0.299482
0.413793
0.471418
0.182772
2.155325
0.230242
0.084810
0.073859
0.018566
0.516146
0.373510
0.135939
1.419739
0.375112
0.614778
0.150100
0.400450
1.276801
0.256179
0.142672
0.144994
0.766348
0.333038
1.183463
0.016194
0.474744
0.624699
0.834977
2.217385
0.611913
0.008895
0.226978
0.590932
0.100275
0.084955
0.137303
0.880289
0.058635
0.729608
0.676210
0.324923
0.500935
0.458611
0.304007
0.670715
0.298262
0.003419
0.398928
1.263396
1.020355
0.086720
0.115051
0.506166
0.894356
0.168305
0.523716
0.320845
0.700053
1.061766
0.676559
0.359243
0.698114
0.770952
0.695093
0.423148
0.754752
0.193957
1.491396
0.610333
0.228643
0.094533
0.183171
0.174607
2.738870
0.729417
0.144259
0.172321
0.580204
0.240547
0.331749
0.472958
0.287972
0.382226
0.947293
0.401435
0.752191
0.142574
0.708140
0.235473
0.360818
0.369790
0.770032
0.070083
0.066017
0.909559
0.281619
0.660313
0.036563
0.094944
0.650671
0.609329
0.254209
0.338155
0.824753
0.486070
0.227482
0.300618
0.370072
0.179518
0.963883
0.020585
1.098458
1.921552
1.045685
0.018972
0.724219
0.268677
0.823430
0.035383
0.139208
0.270351
0.494937
0.063322
0.134349
0.091632
0.219445
0.530398
0.691709
0.081702
0.585101
0.623794
0.044984
0.031590
0.010369
1.410054
0.186590
0.582224
0.485916
0.268850
0.114707
0.287014
0.277509
0.675044
0.205028
0.527136
0.551037
0.014262
0.489905
1.459772
0.065441
0.986430
0.930355
0.316096
0.201883
0.161798
0.282363
1.462005
0.089866
0.921432
0.247326
0.228449
0.023539
1.160211
0.006010
0.814993
1.640993
0.906199
0.027022
0.111382
0.175799
0.123470
0.431808
0.437110
0.205423
0.312679
0.042255
0.002162
0.347202
0.029910
1.197746
0.267936
0.128961
2.009816
0.083220
1.512544
1.615503
0.871738
0.155720
0.575788
0.545372
0.266456
0.038201
0.144165
1.292251
0.103649
0.513445
0.047680
0.577586
0.664518
0.514941
0.040517
0.126001
1.007031
0.099709
0.441326
0.112887
0.659071
1.185181
0.287559
0.669633
1.332784
1.197959
0.033806
0.756684
0.527815
0.472013
0.051009
0.034680
0.124637
0.100287
0.327359
0.158890
0.335976
0.328715
1.269284
0.449429
1.784015
0.954094
0.600172
0.417278
0.493858
0.506092
1.326219
0.305673
0.107889
2.457970
0.869834
0.025133
1.459872
0.181647
0.636309
0.256550
0.615829
0.424512
0.272935
0.040430
0.361139
0.730621
0.521195
0.543854
0.136664
0.343968
0.457672
0.899626
0.682192
0.094479
0.795978
0.190076
0.042339
0.449330
0.489158
0.365302
0.289914
0.098382
1.913443
2.248309
0.537102
0.135692
0.505046
0.073797
0.132419
0.319413
0.246813
0.944897
0.265941
1.199933
0.052489
1.225017
0.622293
0.430200
0.712746
0.713334
0.360344
0.750009
1.238130
0.146630
1.050121
0.233878
2.367343
0.213129
1.193957
0.724119
0.491577
0.006931
0.238376
0.158525
0.397104
0.155504
0.236030
0.116849
0.426863
0.080196
0.489295
0.143182
0.068496
0.557830
0.226746
0.678422
0.547387
0.063673
0.501096
0.449285
0.001684
0.366443
1.117993
0.403665
0.160211
0.742956
0.516423
0.900031
2.821897
0.359774
0.298835
0.456215
0.105312
0.001982
0.324230
0.295599
0.438900
0.243845
0.765105
0.301502
0.761509
0.105126
1.539454
0.635323
0.059499
0.441766
0.197275
0.229854
1.227994
0.195329
0.101520
0.225402
0.001928
0.598852
0.109763
0.556913
0.142855
0.999289
0.101249
1.323255
0.267418
0.025694
1.032157
0.055159
0.339519
0.052845
0.567179
0.246800
0.437743
0.113960
0.312821
0.513652
0.444066
0.116464
0.182739
0.112136
0.403210
0.297947
0.091891
0.456925
0.732698
0.833774
0.228528
0.662044
0.430548
0.603694
0.046370
0.460538
0.176318
0.340906
0.610791
1.189510
1.920552
0.084761
0.688551
0.298795
1.035786
0.373379
0.082975
2.146562
0.238835
0.935986
0.689365
0.215282
0.031110
1.015240
0.607550
0.596890
0.139231
1.940061
1.660641
0.085585
0.050985
0.207238
0.907284
3.397611
0.106068
0.427248
0.545537
0.159691
0.041499
0.474860
0.128301
0.881545
0.226777
0.262167
0.059807
0.743056
0.260055
2.197009
0.269554
0.002739
0.895410
0.113525
0.855340
0.148103
0.663301
0.814523
1.021850
0.564471
0.018098
0.305762
0.838013
0.073805
0.320903
0.765454
2.240222
0.462867
0.240048
0.052978
0.597801
0.362909
0.466806
0.511742
0.405492
0.495536
0.456298
0.193789
0.056366
0.762837
1.200693
0.269050
0.067299
0.402856
0.073268
1.021555
0.250981
0.007208
0.399360
0.310529
0.200969
0.673497
0.881529
0.156797
0.095088
0.693603
0.039922
0.748763
0.412098
0.540276
0.423589
0.072057
0.583274
0.494323
0.302835
0.165129
0.088621
0.956457
0.301715
0.598101
0.422448
0.562900
1.324684
0.842928
1.169941
0.884614
0.000135
0.377383
0.565305
0.049176
0.193131
0.040992
1.263923
0.166152
0.988548
0.639724
0.293576
0.955085
0.507923
0.143464
0.133193
0.284562
1.071944
0.143878
0.580911
0.881324
0.045263
0.496530
2.120129
1.226446
0.954728
0.974999
0.794035
0.001440
0.202949
0.099071
0.006286
1.686668
1.396607
0.002694
0.191466
2.154476
2.112730
0.182050
0.063938
0.313338
1.305916
0.227750
0.085993
0.557352
0.051139
2.829161
0.231806
0.164205
0.891592
0.620030
0.473835
1.051664
0.623074
0.068994
0.146815
0.338861
1.012776
0.809076
0.725551
1.273011
0.299912
0.342475
0.206176
0.137008
0.184986
0.341113
0.126375
0.514096
1.311105
0.055233
0.680285
0.722690
0.194930
0.060949
0.789859
0.112966
0.949041
0.234471
0.307650
0.093412
0.042261
0.093126
0.054517
0.097943
0.993756
0.901265
0.921460
0.388491
0.170165
0.125506
1.340798
0.342642
0.085319
0.424919
0.163583
0.730998
0.444638
0.060379
0.896629
0.014829
0.085579
1.323572
0.092644
0.537913
0.388321
0.541726
0.046907
0.013980
0.267109
1.672007
0.798414
1.421786
0.389864
0.315193
0.100447
1.128241
0.000803
1.645051
1.394657
2.105864
1.192394
1.358176
0.795224
0.087197
0.598529
1.241396
0.299730
0.077272
0.530764
0.004691
1.337781
0.382083
0.472425
0.328383
0.078027
0.249668
0.151873
0.471292
0.538988
0.968736
0.532063
0.048895
0.718841
0.630425
0.569279
0.020555
1.374207
0.976856
0.541895
0.003875
0.704488
0.324943
2.073502
0.145475
1.011413
0.700200
0.052644
0.480388
0.622121
1.199979
0.137743
0.034236
0.177139
1.033702
0.575958
0.317306
1.239608
0.275111
0.213339
0.352466
1.539978
0.375863
0.484143
0.858772
0.017972
0.237651
0.071856
0.925299
1.136752
0.609740
0.336795
0.373682
1.983278
0.602229
0.213762
0.761091
0.063349
0.011930
0.150839
1.436592
0.047404
0.125499
0.678703
0.049696
0.071723
1.734992
0.003661
0.491995
0.151448
0.037114
0.233740
0.044725
0.053612
0.961525
0.329313
0.200418
0.215710
0.261120
0.138181
0.142008
0.293470
0.986594
0.468809
0.028770
0.730825
0.139650
0.505895
0.370216
0.474530
1.377829
0.491827
0.082770
0.072680
0.826676
0.009118
0.600198
0.897275
0.510702
2.078107
0.583878
1.486479
0.172089
0.076404
0.522376
0.521792
0.683460
0.023925
0.153706
0.010765
1.810541
0.215460
1.402389
0.905460
2.444860
0.401609
0.246993
0.386067
0.640084
0.835567
0.634860
0.678508
0.262804
0.718855
0.876874
0.185698
0.015476
0.133045
0.476170
0.133641
1.615120
0.190774
0.065536
0.564244
0.414738
0.330083
0.631435
0.171328
3.348429
0.141822
0.685996
0.643019
0.086898
0.136647
0.044874
0.577642
0.199277
0.493457
0.466971
0.879142
0.322272
1.957399
0.783631
0.800050
0.031809
1.330207
1.004545
0.001899
0.616829
0.234014
0.939690
0.876345
0.127590
0.202940
1.789950
0.295757
0.358856
0.263330
0.126371
0.399128
1.406112
0.241692
0.144393
0.528065
0.387202
0.199989
0.579503
2.600567
0.245733
0.570956
0.038711
0.078801
0.519418
0.426868
0.127586
0.123635
1.242006
0.088739
0.091632
0.223852
0.704558
0.026662
0.702835
1.061835
0.010252
0.052290
1.061868
0.082334
0.642527
0.437887
0.128054
0.263440
0.265128
0.975128
0.263806
0.549720
0.183054
0.394721
1.919658
0.356857
0.415965
0.303237
0.527241
1.158041
0.887297
0.204025
0.145166
0.052533
0.135418
0.450017
0.007793
1.250639
0.086273
0.430687
0.569874
0.293198
0.772174
0.379619
1.440545
0.423803
0.124612
0.384020
1.043596
0.211077
0.736374
0.144019
0.128135
0.352830
2.321770
0.148370
0.259076
0.265126
0.845625
0.535672
0.803587
1.941538
2.192439
0.357475
0.672490
0.012489
0.452109
0.395598
0.211314
0.003150
0.408505
0.342624
0.949793
0.086058
0.354439
0.529374
0.873570
0.007627
0.276935
0.525364
1.028525
0.400659
0.040212
0.704484
0.293676
0.625900
0.232237
0.238132
0.105697
0.327577
0.047337
0.111094
0.386367
0.245413
0.047011
0.118392
0.419285
0.952016
0.191011
0.406933
0.066811
0.115735
1.158755
0.110452
0.144727
0.032931
0.161514
0.352808
0.496909
0.611197
1.359067
0.747868
0.878347
0.999819
0.452195
0.633813
0.916315
0.006617
1.490437
0.036638
0.361332
1.222546
0.374897
0.183705
0.635721
0.996413
0.021238
1.380436
0.100091
0.049673
0.288769
0.454577
0.028356
0.486853
0.196927
0.314079
0.133876
0.004263
0.592910
0.384924
1.492646
0.889367
0.056230
0.626832
0.199809
0.507198
0.271512
0.201236
0.691937
0.034570
0.736992
0.003907
0.833896
0.073259
0.468911
0.258206
1.777918
0.017286
0.073320
0.250868
0.638648
0.233232
0.231047
0.123126
0.385791
0.293281
0.206069
0.941078
1.416864
0.991370
0.852201
0.065422
0.183418
0.023917
0.018087
0.064493
1.027213
1.197495
0.518999
0.442587
0.626393
0.057517
0.184253
0.316263
0.189306
0.237615
0.237100
0.470118
0.154607
0.150329
0.148872
1.391361
0.083551
0.223366
0.174619
0.161907
0.041830
0.977293
0.675386
0.185231
0.111310
0.216696
1.262788
0.133466
0.295414
0.073760
0.094707
0.082752
0.492122
0.961826
1.598617
0.005857
0.633298
1.794076
0.175903
0.578354
1.017063
0.663316
1.355953
0.936098
0.195507
0.139979
0.004471
0.488390
0.824239
0.177347
0.719837
0.530710
0.242002
0.552531
0.584329
0.540975
0.383665
0.198877
0.457398
0.074030
1.873280
0.234940
0.190159
2.342716
1.114796
0.017003
1.406872
1.241836
0.581359
0.383146
0.129202
0.128337
0.716559
0.306436
0.050512
1.613999
0.871634
0.531106
2.218536
0.089665
0.119648
0.899484
1.515868
0.228884
0.186558
1.387337
0.696258
0.186764
0.619115
0.611295
1.169317
0.826824
1.758374
1.159400
0.202745
0.459976
0.743852
0.301778
1.009843
0.716270
0.072746
0.660010
0.212002
0.072570
0.458626
0.529707
0.599385
0.452885
0.050269
0.431133
0.009451
0.581600
0.036622
0.013030
0.197344
1.331942
1.386571
0.077426
0.058734
0.652720
0.258990
0.579982
0.023376
0.548256
1.100777
0.485830
0.190953
0.123427
0.300513
0.441757
0.108566
0.192677
0.609451
0.471423
0.239889
0.812803
0.358674
0.287928
0.636104
0.323003
0.985878
0.151610
0.055274
1.524124
0.514478
0.369343
0.455268
0.260584
0.399306
0.499523
0.079997
1.284380
0.037268
0.091057
0.141850
0.295951
0.063651
2.332305
0.495624
0.596259
0.830108
0.011175
0.325748
0.045664
1.518976
0.248378
1.234185
0.032777
0.267465
1.738913
0.048520
0.197429
0.985158
1.110277
0.480780
0.682790
0.185034
0.486637
0.436696
0.371153
0.476368
0.821115
0.020374
0.049237
0.104035
0.098496
0.081549
0.201778
1.258390
0.218710
0.624001
0.043418
1.035753
0.244403
0.164992
0.965861
0.590572
0.314407
0.060723
0.031918
0.230966
0.332836
0.264331
0.038121
0.719254
0.003940
1.284945
0.371638
0.230382
0.068734
0.544002
1.234911
0.069237
0.248727
0.031567
0.177341
0.499492
0.724785
1.070387
0.056079
0.100841
0.628531
0.455073
0.728081
0.801418
0.206060
0.520023
0.718505
0.013943
0.121978
0.208370
1.624573
0.723764
0.851822
0.822277
0.446951
2.208291
0.024592
0.487935
0.019470
1.049148
0.226879
0.426464
0.283973
0.568087
0.110262
0.071065
0.742295
0.477340
0.245031
0.123084
0.298608
0.257724
0.183975
0.006618
1.865383
0.031698
0.290221
1.554822
0.066341
0.228524
0.538237
0.150476
1.230148
0.368195
0.076590
0.009071
0.093871
1.013711
1.472392
0.648558
0.198443
0.809547
1.150512
0.563174
1.226838
2.147562
0.911843
0.963434
0.926710
0.206163
1.417792
0.592328
0.402388
0.055108
1.572757
0.395157
0.487331
0.242160
1.473127
0.012955
1.001467
0.043659
0.185777
0.974468
0.148141
0.600406
1.427471
0.462029
0.121088
1.046486
0.223214
0.013609
0.163255
0.833420
0.063827
0.100860
0.140159
0.432498
0.217373
0.551071
0.265085
0.001587
0.159242
0.052342
0.311872
0.410695
1.488944
0.367355
0.471957
0.225486
0.793711
0.746920
0.568338
1.177205
0.102251
0.263780
0.083823
0.056920
0.272122
0.130326
0.244856
0.475861
0.124581
0.651218
0.608603
0.101999
0.329843
0.407408
0.107480
1.162962
0.036390
0.738333
0.191334
1.585950
0.243845
0.759140
0.762292
1.269030
1.249159
0.039126
0.012608
0.339995
0.113823
0.803746
0.025905
0.447671
1.048406
0.180671
1.081168
0.146908
0.908999
0.235406
0.061593
1.545277
0.558667
0.431338
1.266385
1.035696
0.078429
1.456497
0.089621
1.616387
3.565902
0.418030
0.451067
0.220669
0.083655
0.200753
1.076268
0.117476
0.133303
0.157444
0.037696
0.376591
0.085093
0.081832
0.249059
0.934624
0.597265
0.032370
0.460955
1.038023
1.914209
0.397990
0.624700
0.859909
1.091754
0.722225
0.508453
0.606266
1.041891
0.126750
0.279288
0.008534
0.271281
0.825351
0.331539
1.767498
1.310319
0.101010
0.215083
0.602566
0.684043
0.023330
0.119277
0.004166
0.293636
1.801090
0.734687
0.124750
0.077333
0.282594
0.231811
0.229757
1.007175
0.882463
0.527917
0.834513
0.023541
1.725346
0.857597
1.391081
0.423461
0.173165
0.730023
2.094710
0.170402
1.058755
0.456392
0.437895
0.205672
0.004239
1.039054
0.193779
1.116862
0.332310
0.198792
0.571346
0.145630
0.752204
0.213729
0.038958
0.829878
0.400728
0.057346
0.112512
0.550370
0.428587
0.783255
0.085337
0.043601
0.359502
2.682048
0.189030
0.009821
1.140498
0.482820
1.224038
1.023120
0.113453
1.118048
0.702028
0.124223
0.205653
0.447248
0.035853
1.934981
0.272138
0.380752
0.669703
0.393039
0.149988
0.733255
0.070080
0.023126
0.518318
0.312615
1.335804
1.477224
0.131506
1.246739
0.231119
0.663823
0.304823
0.547589
0.251207
0.476054
0.651290
0.220197
1.393647
1.138236
0.901585
0.475044
0.480870
1.202001
0.250190
1.252423
0.035266
0.457647
0.346183
1.309535
0.153526
0.422947
1.053842
0.494454
0.043494
0.120510
0.500124
0.438607
0.171033
1.579104
0.557431
1.789559
0.041526
0.315124
1.437466
0.693746
0.165807
0.390252
0.298183
0.388713
0.617140
0.270369
1.766717
0.087331
0.326658
0.014212
2.187796
0.406123
0.023194
0.915805
0.154653
0.252411
0.035712
0.417743
0.269224
0.387591
0.226998
0.070070
0.692075
0.128708
0.260903
1.252498
0.158928
0.272790
0.138843
0.057745
0.088137
0.121672
0.159083
0.116900
1.305505
0.216801
0.112456
0.085517
0.096537
1.439970
0.332861
0.949040
0.228743
0.187869
0.149141
0.545733
0.337958
0.291600
0.947902
0.495184
0.113531
2.277647
0.203830
1.182155
1.166022
0.047503
0.149127
0.180482
0.293434
0.104748
0.514188
0.013864
0.469741
0.189836
0.435820
0.127639
0.470088
1.011460
1.601002
0.164730
0.373450
0.173370
0.486547
0.280602
0.140849
0.043130
0.005211
0.135738
0.823810
0.375329
0.081171
0.371892
0.289852
0.004885
0.268029
0.034765
1.082618
0.956854
0.276222
1.071310
0.694370
0.362822
0.112512
0.544011
0.009634
0.677266
0.526674
0.149291
0.254551
0.257959
0.006241
0.329088
0.276590
2.568991
0.216187
0.873293
0.251905
0.830354
0.455025
0.060927
0.080908
0.006579
0.613824
1.007842
0.844734
0.069483
0.434400
0.130412
0.470688
0.674249
0.254469
0.676523
0.110118
0.144061
0.174868
0.095256
0.264302
0.335529
0.832234
0.433178
1.739345
0.389551
0.525904
0.127394
0.124753
0.130007
0.059864
0.318620
0.174144
0.002007
0.205562
0.405315
2.130630
1.451601
0.100460
0.144047
1.500752
0.333721
0.576752
1.178890
0.403114
0.009494
0.073275
0.043265
0.094224
0.638687
0.665483
0.126923
1.485258
0.105044
0.638276
1.076169
0.868872
0.227569
0.184741
0.828594
0.202109
0.221451
0.025871
0.371785
0.645689
1.134096
0.335115
0.594398
0.777132
1.289239
0.372900
0.360161
0.790971
1.104779
0.294219
0.987542
0.016811
0.571857
0.647020
0.098293
0.375991
0.541120
0.106958
0.685969
0.337167
1.214629
0.155847
0.845619
0.476690
1.796195
0.152073
0.439513
1.462381
0.926119
0.124340
0.269350
0.001198
0.129132
0.267983
0.085116
0.819788
0.251432
0.104349
0.694637
0.702200
0.510365
1.138322
0.069526
0.877743
0.221354
1.600274
0.167935
0.715739
1.037731
0.686016
1.129863
0.606045
0.548437
1.278657
0.140568
1.571298
0.283448
0.538159
0.227993
0.216536
0.288312
1.693065
0.151638
0.765696
0.692170
0.014014
0.358214
1.045419
1.349216
0.611212
0.042224
0.028591
0.050096
0.188507
1.661147
0.739248
0.206170
0.048547
0.072948
0.462214
0.575307
0.402318
0.029205
0.423977
0.652964
0.501634
0.128750
0.355351
0.649764
0.248618
0.872406
0.104542
0.018584
0.124032
0.207569
0.104663
0.204399
0.466467
0.088623
1.133029
0.745099
1.205829
1.816974
0.051632
1.470783
1.044322
0.232064
0.636950
0.282372
0.067933
0.087927
0.179881
0.233934
0.086505
0.068113
0.293695
0.037065
0.897452
0.496547
0.112022
0.339759
0.096386
0.743393
1.732633
0.381817
0.297999
0.072062
0.894282
1.017638
0.150809
0.113571
0.032327
0.157461
0.332128
0.095817
0.001581
0.033968
1.030181
0.537133
0.451922
2.520471
0.177056
1.174012
1.613359
1.774426
0.555621
1.985619
0.103314
0.350408
0.603751
0.548917
0.178255
0.080857
0.400189
1.862958
0.053795
0.236311
0.050301
0.410408
0.594965
0.457393
0.039350
2.146855
0.361187
0.409595
0.555627
0.025345
0.640683
0.259304
1.673468
0.375162
0.346399
0.417987
1.700056
0.085841
0.225358
0.024994
0.330958
1.159391
0.180377
3.323366
0.099328
0.049122
0.559477
0.324421
0.811096
0.109743
0.068188
0.506515
0.048690
0.334460
0.277982
1.013442
0.704592
0.204844
0.398781
0.581869
1.150473
0.389923
0.241660
0.430266
0.594636
0.132269
0.456222
0.169488
0.008623
0.226519
1.132557
0.067463
0.230298
0.204575
0.386229
0.143531
1.412128
0.306146
0.811456
0.443519
0.499502
1.084389
0.555154
0.816718
0.181471
0.470917
0.696966
0.123577
0.239253
0.408091
0.218412
0.148738
0.473982
0.808660
2.340149
0.049477
0.341027
0.699607
0.105119
0.706978
1.093973
0.079679
0.840752
0.193571
0.069488
0.635066
0.576919
0.553427
0.517477
0.286361
0.021168
0.580994
0.596218
0.246778
0.068197
1.243730
2.241326
0.012016
0.049138
0.080636
0.136895
0.259036
0.475550
0.109015
0.320165
0.622133
0.011836
0.107393
0.396355
1.043310
0.082776
0.198648
0.278791
0.292261
0.139904
0.055154
0.215122
0.415240
0.898364
0.629761
0.211250
0.450485
0.261679
0.239919
0.277964
0.370869
0.035002
0.195074
0.251112
0.562875
0.538782
0.342970
0.639774
1.211748
0.619281
0.193185
0.201367
0.602100
0.025161
0.865088
1.174684
0.062149
0.319179
0.129769
1.426264
0.153590
0.078638
1.399624
0.109619
0.764171
0.519481
0.189385
0.109118
0.153980
0.782315
0.406154
0.354233
0.144401
0.948575
0.012699
0.345154
0.470338
0.083410
0.225294
0.579854
0.604251
0.574698
0.038649
0.115138
1.546171
0.018969
0.589012
0.216921
0.830729
2.325067
0.192536
0.345660
0.067056
0.273163
0.360596
1.126747
0.659101
0.095469
0.193780
1.172276
0.234039
0.236846
0.180220
0.182953
0.113603
1.171207
1.293077
0.163872
0.735540
0.850073
0.043550
1.356121
0.124995
0.412923
0.820933
0.962154
0.418922
0.433980
0.178526
0.376777
0.054591
0.246919
0.010278
1.697135
1.030718
1.547315
0.761701
0.452014
0.141785
0.835388
0.440439
0.988947
0.432299
0.395515
0.042968
0.006723
0.312391
1.146101
0.707579
0.787610
0.442838
0.114831
0.692823
0.375988
0.468496
1.448696
0.829220
0.212639
0.077296
0.216949
0.270424
0.029960
0.340998
0.151044
0.021846
0.384276
1.018773
0.134677
0.443545
2.382964
1.097211
0.188127
0.111201
0.270363
0.948989
0.058628
0.406895
0.410819
0.761981
0.515578
0.621419
0.054706
1.035969
0.179279
0.133223
0.114525
0.449029
0.353197
0.049041
0.119880
1.725080
0.384279
1.171957
0.211336
0.320788
0.711095
0.255901
0.509710
1.615655
0.014254
0.221453
0.044918
0.024835
0.251466
1.039117
0.443161
0.562461
0.073085
0.428541
0.072423
0.212085
1.872107
0.293042
1.030412
0.518907
0.328482
1.026860
0.245753
0.047014
0.191763
0.782021
0.338123
0.150982
0.346154
0.291162
0.503440
0.287873
0.562493
0.341560
0.855542
0.330978
0.144701
0.264855
0.293941
0.551405
0.071785
0.734455
0.281763
0.325124
0.087463
0.115383
0.356374
0.478937
0.009797
0.057357
0.381901
0.714175
0.171684
0.351128
0.600255
0.264672
0.843327
0.245557
0.027474
0.455828
1.738608
0.748592
0.163433
0.061838
0.121399
0.048223
0.151178
0.237010
0.665036
0.145575
0.245625
0.295179
0.691362
0.126279
0.074547
1.656069
0.437444
0.008741
0.158349
0.139249
0.308101
0.220924
0.536741
0.049798
0.136692
0.121367
0.139847
0.550906
0.414217
0.881145
0.027488
0.018403
0.215301
0.319796
0.096066
1.161434
0.024319
1.135753
0.141142
0.368614
1.098079
0.413752
0.003002
0.446410
0.391207
0.081338
0.164343
0.091777
0.259080
0.337466
0.015451
0.279444
0.004058
0.935379
0.465924
1.923506
0.165161
1.395713
0.090037
0.533177
2.533166
0.011791
0.609687
1.555843
0.530553
0.409447
0.322210
1.089393
0.814590
0.187774
0.030570
0.819319
0.202474
0.377012
0.835481
0.096803
0.204325
1.556094
0.015165
0.057297
0.658926
0.463876
0.832809
0.134962
1.124491
0.695744
0.007627
0.287664
0.632443
0.986161
0.441934
0.541465
0.059942
0.772667
0.033125
0.250959
0.416349
0.036438
0.144350
0.416556
0.051102
1.081152
0.105657
0.265197
0.119326
0.187471
0.029918
0.098101
0.134278
0.207504
0.707613
0.039340
0.569984
0.489871
0.370541
0.854749
0.542847
0.857438
1.791716
0.051692
0.741608
0.238247
0.435867
1.054904
1.641017
1.009802
0.429169
0.043255
1.007022
0.076638
0.251287
0.140515
0.490102
0.288214
0.065113
0.109342
0.179872
0.079367
1.053475
0.069093
0.097338
0.080810
0.115994
0.820328
1.218501
0.586129
0.279550
0.024950
0.046117
0.944069
0.113766
0.165239
0.869190
0.142983
0.047134
2.051516
0.182745
0.216743
1.444899
0.676460
0.523734
0.581613
0.116174
0.453503
0.331089
0.094478
0.763631
0.607966
0.913617
0.307127
0.561347
1.710432
0.564221
0.186792
0.223980
0.339228
0.070678
0.338659
0.270679
0.026116
0.190153
0.959180
1.343838
0.316920
0.018384
0.668678
0.355688
0.180295
0.036573
0.325407
0.064800
1.581213
0.567538
0.154431
1.198782
0.439641
0.673479
0.559511
0.941647
0.961142
0.455482
0.174021
0.052702
0.232880
1.564373
0.187780
0.108132
0.451804
0.249208
1.043570
0.133869
0.857747
0.925817
0.494460
0.086047
0.104915
0.109495
0.294142
0.266722
0.201347
0.130937
0.113660
0.286485
0.249493
0.584677
0.173469
2.174626
1.220424
0.199176
0.219609
0.119427
1.996313
1.107077
1.175264
1.857708
0.880312
0.142655
0.823268
0.008133
0.093914
0.043073
0.141175
0.222197
0.077542
0.291880
0.054822
0.227635
0.604756
0.689068
0.895535
1.154838
0.097356
0.491147
0.454200
1.459902
0.222836
1.173802
0.167287
0.101682
0.791831
0.879857
0.474860
0.122858
0.351194
0.803909
0.080441
0.537330
0.982734
0.349854
0.304426
0.270660
0.550935
1.076777
0.108211
0.627199
0.946371
1.099715
0.551723
0.580485
0.213233
0.099112
0.072037
0.048839
0.025204
0.112154
0.026370
0.286436
0.314450
1.040777
0.410738
0.441155
0.879688
0.510451
1.426943
0.435468
0.158876
0.085940
0.094292
0.447851
0.212614
0.466918
0.063747
0.885563
0.284422
0.122791
0.672311
0.300339
0.229581
0.064673
0.117552
0.149738
0.391359
0.328052
0.225818
1.157580
0.179071
0.216958
0.477940
0.081027
0.252496
0.825680
0.462677
0.961780
0.662408
0.875464
0.045849
0.478112
0.230682
0.331513
0.371871
0.046869
1.056428
0.089699
0.094921
0.053321
0.041182
0.839902
3.796914
0.384856
1.165493
0.224689
0.631849
0.125418
0.507220
0.589927
0.838786
0.000348
0.579128
0.021965
0.218208
0.858600
3.381262
0.417290
0.829930
1.097252
0.313927
0.348229
0.162526
0.060633
0.254949
0.299419
0.256040
0.283503
0.629889
0.421794
0.130145
0.581539
0.285659
0.665485
0.138016
0.022191
0.498565
0.167764
0.528537
0.031104
0.581864
0.915250
0.163564
0.170929
0.322034
0.759424
1.036588
1.259431
0.096524
0.441343
0.294684
0.379868
0.959175
1.190335
0.394168
0.372298
1.229321
0.077849
0.160266
0.054435
0.610396
3.890185
1.887658
0.481314
0.469487
1.811912
0.435714
0.646989
1.103623
0.097543
0.816337
0.823494
0.325793
1.035165
1.123996
2.495054
0.496432
0.732912
0.316867
0.049462
0.016841
0.529072
0.178844
0.000373
0.368388
0.147151
1.204736
0.564840
0.020931
0.025927
0.182011
0.130423
1.082834
0.580253
1.180952
0.051759
0.829110
0.515088
0.923260
0.053634
0.377926
0.154987
0.500268
0.223979
0.318050
0.092156
0.009639
1.173912
0.509147
0.072993
1.117481
0.630149
0.021992
0.125853
0.007117
0.394949
0.294339
0.050333
0.365417
0.187355
0.241974
0.044519
0.768133
0.269428
0.384756
0.209664
0.450600
1.816138
0.219718
0.413502
0.202042
0.973683
0.340754
0.061994
0.994493
0.130018
0.267429
0.146881
0.090924
0.385973
0.156631
0.059170
0.730843
0.241547
0.140654
0.077227
0.240873
0.144042
0.862650
0.212699
0.315509
0.893850
0.291158
0.405335
0.160998
1.492720
1.557557
0.120964
0.480112
0.087041
0.178544
1.674355
0.428959
0.048650
0.161578
0.031736
0.468662
0.068904
0.510991
0.324985
0.620055
0.958721
0.546717
0.429066
0.484380
0.938651
0.333942
0.336699
1.111790
0.069727
0.651266
0.075397
0.398506
0.369388
0.201793
0.146866
0.746839
0.034621
0.224374
1.592462
0.349973
0.287416
0.012786
0.218955
0.018838
0.277432
0.152000
0.736002
0.240978
0.289681
0.759774
0.295824
0.712841
0.380559
0.621860
0.239756
0.019148
0.324669
0.088758
0.582488
0.243971
0.236828
1.246593
1.664866
0.153563
0.322379
0.979950
0.220517
0.975809
0.546903
0.569635
1.026812
0.099787
0.660199
0.022668
1.391652
0.709383
0.345650
1.589638
0.413909
0.191199
1.060345
0.010508
0.366309
0.655694
0.278388
0.567138
1.452045
3.609538
0.584340
0.733193
0.526422
0.181876
0.031749
0.023743
0.281300
0.491225
0.439103
0.127893
0.122717
0.802598
0.187794
0.366545
0.391619
0.328877
0.680876
0.959227
0.090621
0.014886
2.277978
0.300286
0.253319
0.336151
0.328311
1.072496
0.274421
1.810618
0.272075
0.185834
0.091848
0.248913
0.958169
1.382124
0.723259
0.884048
0.707376
0.074792
0.039544
0.010281
0.022737
0.094938
0.438734
0.033709
0.696466
0.026193
0.803915
0.104093
0.729453
0.379920
0.567897
0.077836
1.186991
0.060514
0.975950
0.206502
0.328164
0.200824
0.322960
0.052738
0.295517
0.023213
0.301640
0.200971
0.766570
0.050584
0.081269
0.204647
0.084652
0.544473
0.143232
0.251272
1.331134
0.022179
0.134878
0.703550
0.724869
0.393412
1.680048
0.150968
0.080275
1.121837
0.187112
0.715947
0.398101
0.245283
0.263740
0.220650
0.691746
0.307502
0.334479
0.677142
0.431424
0.074791
0.009672
0.001857
0.181903
0.608327
0.282715
0.554074
0.890064
0.032150
0.559510
0.916215
0.321617
0.267275
0.125963
1.035980
0.213646
0.145836
1.443641
0.245448
0.847220
0.368446
0.103978
0.505343
0.721972
0.501090
0.358746
0.474181
0.241700
0.266536
0.549343
0.043128
1.440777
0.004055
0.674940
0.274891
0.045550
0.287267
0.123797
0.089405
1.180373
0.152755
0.333396
0.044489
0.957072
0.350311
0.039076
0.327104
0.879636
0.204970
0.218378
0.365637
1.002178
0.181845
0.210168
0.634616
0.290063
1.670504
0.005439
0.909513
0.099525
0.369331
0.266543
0.798337
0.273565
0.200881
0.710505
0.480421
0.073168
1.711521
1.028365
1.004147
0.116952
0.183980
0.060377
0.719330
0.473685
1.323562
0.078592
0.491264
0.040794
0.771534
1.373556
0.305392
0.029273
0.636611
0.141538
0.411719
0.033167
0.625308
0.571069
0.164304
0.128542
0.047136
0.020672
0.586347
0.589043
0.553232
0.330444
2.127496
0.303115
0.268634
1.496682
0.534594
0.229681
0.144213
0.062259
0.657525
1.966853
0.036396
1.631521
0.725038
1.052557
0.233893
0.175070
1.582690
0.747702
0.431782
0.126064
0.366382
1.200355
0.243490
0.290591
1.208277
0.204008
1.076864
0.383125
1.136424
0.423138
0.505473
0.224930
1.083166
1.663623
0.727534
0.356920
0.459842
1.887892
0.801046
0.852048
0.103639
0.242650
0.039618
0.205611
0.524524
2.561931
1.479392
0.009805
0.226079
0.327538
0.260736
0.440676
0.091195
0.062923
0.280876
0.338350
0.081543
0.080065
1.092082
0.002964
0.211193
0.201894
0.362859
0.812730
0.012759
0.294433
0.937921
0.656354
0.257465
0.049894
0.090012
1.628450
0.811412
0.176623
0.579153
0.181859
0.539913
0.271808
0.053491
0.124131
1.373519
0.237248
0.619987
0.107689
0.432979
0.088209
0.128469
0.110794
0.308229
0.580426
0.640704
0.454933
1.028127
0.924092
0.357926
0.085022
0.081465
1.224937
0.326645
0.801059
1.176190
1.417464
0.024338
0.352753
0.646991
1.188144
0.634417
0.408028
0.269406
0.057123
0.365567
0.661979
2.381857
0.423649
0.003907
0.817211
0.386505
0.370504
0.129084
0.091867
1.297591
0.530513
0.043424
0.029212
0.789926
0.547317
0.204497
0.825302
0.089430
0.465892
0.402576
1.415199
0.416426
0.101742
0.295021
0.813674
0.155053
0.145600
0.012126
0.614333
1.064679
0.271121
0.572296
0.278276
0.382598
0.547998
2.341866
0.495292
0.401800
0.152336
0.060444
0.729707
0.362723
0.444492
0.047759
0.039564
0.502766
0.086324
0.016025
0.074286
0.256518
0.032942
0.482680
0.065526
0.228772
1.310428
0.298637
1.465394
0.152828
0.173931
1.494312
0.532190
0.423248
0.128672
0.317463
0.622365
0.159155
1.749256
0.630332
0.794714
0.541914
0.128986
0.492695
0.026950
1.247121
0.281497
0.251430
0.084058
0.794680
0.280732
0.668469
0.542484
0.602172
0.736035
0.502215
0.239984
0.755465
0.483294
1.986509
0.693642
0.262468
0.044253
0.462863
0.204648
0.100058
0.103272
0.211794
0.406970
0.565637
0.596691
0.120058
0.568727
0.054074
0.791300
0.091702
0.185822
1.140914
0.024831
0.172732
0.317323
0.124805
0.438395
0.199743
0.070462
0.099770
0.154929
0.116792
0.031212
0.042928
0.749889
0.010227
0.164579
1.023465
0.602980
1.214993
0.210808
0.916390
0.266902
1.017841
0.081611
0.052926
0.078671
1.094897
0.493800
1.182230
0.075454
0.118979
0.064810
0.134982
0.274347
0.375589
0.165965
0.210589
0.003740
0.143464
0.129833
0.482529
0.101235
0.389318
0.031314
0.189422
0.018904
0.432377
0.524866
0.008392
0.674437
0.021934
0.222014
0.102457
0.025090
0.430925
0.027703
1.081073
1.079010
1.101357
0.751183
0.630381
0.151091
0.122369
0.524753
0.589871
0.130534
0.755597
0.456192
1.086636
0.168067
1.457587
0.082447
1.532582
0.009008
0.039545
0.036770
0.520686
0.494048
0.002691
0.117091
0.004540
1.216429
0.442014
0.720753
1.487224
0.424524
0.444800
0.214877
0.116693
0.274690
0.106315
0.172805
0.113973
0.836912
0.117755
0.513629
0.186398
0.140851
0.076753
0.641735
0.122386
0.051265
0.837240
0.161294
0.078794
0.277278
0.168594
0.432438
0.350090
0.252324
0.179268
1.715688
0.272965
0.532373
0.581963
1.080441
0.290466
0.407613
0.135586
1.260485
0.013726
0.061855
0.660728
0.781459
0.378115
0.143263
0.085529
0.374262
0.112399
0.499066
0.335856
0.271919
0.155256
0.163495
0.479697
0.869071
0.393466
0.785275
0.183483
0.412058
0.036188
0.291196
0.154940
0.330197
0.590460
0.192913
0.063012
0.030550
0.089059
0.087068
0.022154
0.277173
0.148164
0.146207
0.152715
0.331374
0.062939
1.164893
0.254981
0.047631
0.090095
0.165792
0.097294
1.271467
0.235003
0.514664
0.697224
0.231989
0.075698
0.154543
0.572136
0.627337
0.093015
0.012138
0.057704
1.305405
0.056088
0.290818
0.094680
0.252121
0.101472
0.022229
0.908148
0.655550
0.065773
0.510475
0.132668
1.126385
0.302462
0.275668
0.079536
0.665636
0.437846
0.514367
0.104260
0.195791
0.603620
0.209130
0.785869
0.307857
1.353870
0.103212
0.598062
0.092821
0.458279
0.000917
0.786325
0.510529
1.120003
0.720792
0.146407
0.167320
1.797381
0.221950
0.856628
0.037681
0.025537
0.988735
0.448004
0.296830
0.299620
0.054834
0.638413
0.096142
0.003818
0.924033
0.109776
0.009481
0.579735
0.298283
0.254882
0.047456
0.847036
0.242847
0.090496
0.389850
0.146143
0.525524
0.704556
0.020799
0.773932
0.064146
0.469852
0.745637
2.200655
1.295590
0.491327
1.015886
0.399025
0.243138
0.090492
0.262363
0.003231
0.157538
0.227061
0.320688
1.903463
0.469797
0.024193
1.009730
0.146127
0.146326
0.135050
0.088707
0.157877
0.572704
0.773374
0.069840
0.007103
0.036045
1.896710
0.379741
0.959717
0.436925
0.673229
0.338110
0.016955
0.238322
0.082222
0.364399
0.834610
0.543323
0.127586
0.130827
0.221537
1.152318
0.681074
0.403965
0.740261
0.047434
0.073681
1.050993
1.581151
0.445503
0.024987
0.162480
2.238027
0.726839
0.024972
0.798331
0.240198
0.127488
0.539664
0.439084
1.581325
0.908903
0.950218
0.176909
0.288394
0.351295
0.332911
0.602694
0.013709
0.390702
0.242409
0.050049
1.036491
0.356807
0.691624
0.279290
0.022197
0.819159
0.169632
0.321306
1.267303
0.195078
0.323123
2.117829
0.799689
0.477973
0.438082
1.562571
0.534952
0.351927
2.544192
0.203823
0.659549
0.117455
0.565269
0.600015
1.863176
0.163556
0.054747
0.058306
1.349005
0.128629
0.224236
2.286721
0.358636
0.811313
0.509513
0.422377
0.525886
0.001826
0.145798
4.030700
0.598099
0.391696
0.540920
1.212785
0.792263
0.825495
0.266918
0.105926
0.641751
0.228705
0.339629
1.693249
0.318294
0.345409
1.164681
0.615699
0.182451
0.348514
0.023997
0.439266
0.351359
0.396698
0.047922
0.034210
0.317610
0.203212
0.032219
1.000498
0.575582
0.322975
0.229675
0.060918
1.077736
1.361759
0.657339
0.175843
0.156105
0.090161
0.077984
0.079263
1.132271
0.068908
0.686108
0.572641
0.064008
0.380028
0.233716
0.427259
0.845452
0.436024
0.045769
0.088610
0.382328
0.290280
0.027923
1.024903
1.348269
0.409161
0.136404
0.947826
0.139792
0.145430
0.680329
0.075098
1.322779
0.162764
1.125899
0.665747
0.414993
0.126023
0.294755
0.939122
1.212660
0.276266
0.654693
0.213038
1.172859
0.144699
0.232538
0.655014
0.152265
0.203328
0.569702
0.456658
0.094961
0.126163
0.052807
0.396251
0.167986
2.353393
0.092831
1.053498
0.125838
0.466403
0.193698
0.015730
0.360973
0.034302
0.220033
0.250546
0.092241
0.244364
0.326915
0.362391
0.097209
0.434492
0.374512
0.099573
0.903865
0.120901
1.510107
1.822647
0.056341
0.014502
0.326639
0.583404
2.030675
0.333689
0.075998
1.271446
0.192749
0.218206
0.755592
0.407086
0.250114
0.219479
0.249907
0.080963
0.415587
1.242122
0.334099
0.109347
0.297236
2.074337
0.594833
0.142028
1.495008
0.894452
0.869661
0.013912
0.103530
0.244130
0.538718
0.715848
0.686473
0.783593
0.377836
0.911707
0.061624
0.977286
0.617090
1.297931
0.353620
0.050852
0.180977
0.017464
1.115214
0.392488
0.836634
0.303036
1.521148
1.071581
0.851773
0.354635
1.149988
1.200978
0.165751
0.097281
0.398085
0.080879
0.089262
1.083602
0.513933
1.714977
0.521806
1.171662
0.251561
0.825909
0.040403
0.571177
0.290383
2.428970
0.316603
0.246175
0.698364
1.003041
0.117698
0.080966
0.539967
0.022364
0.103018
0.265897
0.022189
0.397039
0.160443
0.266574
0.260828
0.280174
0.013081
2.601162
0.344887
0.053845
1.082855
0.727642
0.218085
0.075608
0.558165
0.029339
0.868801
1.447832
0.115752
0.219328
0.068716
0.072977
0.277029
0.312862
0.239530
0.204582
0.609485
1.536140
0.429206
0.467987
0.135603
0.212838
0.364933
0.323490
0.286663
0.729546
0.148886
0.168198
0.046808
0.007362
0.530489
0.819415
1.647401
1.037964
0.652288
0.314135
0.135658
0.716577
0.463157
0.144153
0.484714
0.053269
0.356309
0.389280
0.312031
0.277475
0.046432
0.323457
0.984857
0.327133
0.199592
0.647776
0.076327
0.286000
0.114776
0.176665
0.588789
0.020756
0.266241
0.944121
0.316863
0.007403
0.001907
1.747365
0.783472
0.575871
0.402475
0.274767
0.571608
0.032680
0.227265
0.857210
0.449512
0.060846
0.666661
0.564812
0.675262
0.133317
0.482537
0.171450
1.299205
0.596472
1.954780
0.015628
0.104645
0.928825
0.303534
0.042196
0.089679
0.456842
0.519119
0.003590
0.142187
1.991587
1.459064
0.912634
0.074888
0.904477
0.438095
0.069080
0.742758
0.074569
0.484316
0.011890
1.493891
1.427297
0.154792
0.882111
0.488568
0.030094
0.645406
0.160918
0.005467
0.762612
0.154194
0.032117
0.524242
0.557245
1.258786
0.279184
0.007251
1.873854
0.885685
0.072011
0.215831
0.030511
1.288607
1.222985
0.825867
0.827257
0.698220
0.546110
0.666192
0.359551
0.798850
1.210470
1.146589
0.269006
0.145580
0.361315
0.524356
0.009823
1.664478
0.796360
1.370249
0.183073
0.001825
0.130103
0.456470
0.504008
0.265637
1.247831
0.255254
0.447195
0.210753
0.504462
2.125170
0.209740
0.153020
0.017551
0.652207
0.661543
0.047950
1.287966
0.160680
0.104432
0.017381
0.123945
0.024843
0.539202
0.177627
0.222659
0.049873
0.376506
0.816482
0.714317
0.290472
0.549992
0.211562
0.309385
0.500826
0.144438
0.778831
1.947053
0.763884
0.399665
0.038487
0.086014
0.152942
0.062704
1.224263
0.371079
0.277596
0.275892
0.330689
0.140023
0.074362
0.465123
0.228179
0.179838
0.212311
1.343454
0.448853
0.050132
0.260021
0.180557
0.112207
0.321938
0.042827
0.526577
0.061709
0.259529
0.321638
0.768917
0.045467
1.153363
0.139680
0.265130
1.122593
0.004218
0.103419
0.223522
0.526941
0.244723
1.109520
0.964847
0.690447
0.342639
0.062773
1.625272
0.563800
0.665376
0.156428
0.055776
0.035686
0.694038
0.661135
0.290040
0.396276
0.568205
0.320512
1.030831
0.288735
1.471684
0.319882
0.623123
0.464553
0.811526
0.027578
1.122186
0.407164
0.406348
0.254019
0.530159
1.676124
0.542141
0.822759
0.632606
0.265479
0.799682
0.420815
0.033776
0.983083
0.079688
0.037917
0.260129
0.314020
0.091015
0.039002
0.104807
0.140489
1.719793
1.005529
0.284782
0.034569
0.685625
0.409521
0.416074
0.025632
1.010386
0.098347
0.014296
0.689736
0.330799
0.085283
0.403306
1.154047
0.381518
0.719789
0.162991
0.266324
0.325827
0.322446
0.024205
0.137077
0.029622
0.805315
0.467006
0.167573
0.036905
0.999405
0.620646
0.459888
0.448089
0.481083
0.508806
2.286347
0.240678
0.109141
1.059891
0.104557
0.293414
0.840644
0.513072
0.454952
0.071010
0.101624
0.118531
0.134404
0.442114
0.083092
0.196327
1.042158
0.208671
0.498581
0.324196
0.958409
0.067412
1.056883
0.006648
1.851672
0.977804
0.094812
0.038132
0.056734
0.878489
0.589088
0.074165
1.227046
0.442950
0.703852
0.147653
0.321498
0.186965
0.220527
0.044398
0.025722
0.730342
0.324524
0.493637
0.994361
0.484399
0.046136
0.280652
0.112332
0.856411
0.701795
0.177343
0.567673
0.652785
0.001582
0.046930
0.637439
0.016629
0.737329
0.454959
0.123281
0.491409
1.112916
0.125362
0.085778
0.433746
0.001851
0.054323
0.191990
2.395865
0.381758
0.357374
0.035640
0.186055
0.181950
0.795520
0.103109
1.075237
0.098768
0.509782
0.926065
1.399155
0.135139
0.287457
0.825444
0.041454
0.135480
0.110664
1.735231
0.149165
0.147445
0.162431
0.806384
0.750216
0.319772
0.698281
0.096345
0.495953
0.817188
0.245469
0.134293
0.669012
0.302254
0.466080
0.020088
0.911980
0.455685
0.019255
1.352915
0.021585
0.056013
0.098531
0.050249
1.704008
0.426182
0.257819
0.122490
0.839588
0.014664
0.732052
0.790741
0.181137
0.774294
0.614276
0.193216
0.012393
0.299322
0.472241
0.042440
0.626009
0.272466
1.434940
1.470787
1.076926
0.751565
0.421960
0.487724
0.224325
1.158786
0.178145
0.409940
0.748009
1.083841
0.413681
1.727364
1.724734
0.091427
0.469387
0.544774
0.530030
0.312174
0.000485
0.185116
0.364362
0.124333
0.124530
0.235333
0.435066
0.464488
1.370816
0.383072
0.035588
0.545018
0.266934
0.348097
0.032607
0.039252
1.413354
1.148919
0.181298
0.408809
0.003341
1.446357
0.310597
0.398017
0.066434
0.056192
0.419796
0.163977
0.180461
1.783105
2.215494
1.506981
0.886823
0.498029
0.500335
0.106510
0.459989
1.407463
0.056331
0.683199
0.839115
0.032523
0.271755
0.035103
0.344591
0.063099
0.484158
0.005275
0.237559
0.117045
0.764197
0.895119
0.421074
0.821922
0.170440
0.817971
0.367502
1.958037
0.123681
0.068180
0.277673
1.213457
0.785151
0.287308
1.939255
0.258530
0.319020
0.256759
1.231206
0.404662
0.120449
0.009991
0.357960
0.607337
0.415135
0.179734
1.180830
0.623512
0.226473
1.159193
0.519813
0.155115
0.765705
0.840353
0.861138
0.161203
1.369380
0.271451
0.076252
0.157517
0.969105
0.289491
0.116645
0.071061
0.540904
0.659181
1.126823
0.001159
1.215942
0.080584
0.687499
0.362643
0.164001
1.025693
0.215789
0.073253
0.309842
1.211493
1.499126
0.724320
0.117504
1.848584
0.173561
0.089233
0.037673
0.836125
0.139061
0.537375
0.231845
0.055285
0.167046
0.254985
0.089120
1.101048
0.499082
0.586474
0.009240
0.688122
0.818541
0.144282
0.993802
0.025531
0.539550
0.166330
0.077908
1.632126
0.392750
0.903293
0.030049
0.188683
0.018221
0.311073
0.076168
0.889714
0.040296
0.234961
0.744084
0.120688
0.189159
2.050765
1.098856
0.314507
1.110513
0.325938
0.277607
0.497367
0.255391
0.219102
0.131181
0.344551
0.287794
0.096198
0.421331
0.370602
0.792906
0.136633
0.629824
1.445907
0.487721
0.202816
0.115953
0.600396
0.916736
0.159185
0.598524
0.985942
0.409956
0.005695
0.221883
0.231369
0.018602
0.835215
0.335499
0.169521
0.816180
0.747574
0.476560
0.172615
0.568391
0.323513
0.910373
1.002329
2.298981
0.626287
0.051127
0.493851
0.397172
0.170850
0.465739
0.377825
0.535529
0.079907
0.215985
0.269803
1.134766
0.859606
0.031408
0.153503
0.000914
0.580248
0.963026
0.925023
0.287871
0.514293
0.177857
0.776027
0.036772
0.592782
0.124590
1.509998
0.789895
0.296586
1.322867
0.335771
1.723425
0.730419
0.037553
0.040476
1.365765
0.382095
0.783653
1.552847
0.085147
0.576802
0.283422
0.096194
0.288664
0.466027
0.208552
2.095020
0.295600
0.462926
0.098084
0.697109
0.262938
0.288040
0.903679
0.104851
0.299122
1.255629
0.920611
0.006641
0.701478
0.569505
0.324171
0.263943
0.235615
0.354755
1.068509
0.552671
0.138902
0.488509
0.179819
1.221535
0.430010
0.032070
0.085160
0.025438
0.555096
0.089141
0.314859
0.110249
0.773442
0.478818
0.332163
0.759659
0.460301
0.066131
0.100887
1.775414
0.490240
0.095852
1.665509
0.019163
1.631978
0.217938
1.445787
0.255890
0.275927
0.093489
0.136066
0.107561
0.057968
0.889095
0.412935
2.522985
0.926718
0.238896
0.061309
0.340887
0.235938
0.157026
0.797652
0.698142
0.008282
0.048209
0.904185
1.961390
0.304616
1.098370
0.526948
0.313118
1.935425
0.656333
0.119393
0.049578
0.406322
0.009586
0.080437
0.378185
0.214324
0.059311
2.100471
0.115623
1.171773
0.696153
0.285773
1.140479
0.405050
0.006881
0.654680
0.133531
0.068341
0.072827
0.033987
0.319120
0.106295
0.670578
0.142265
1.583850
0.272146
0.595577
0.961957
0.462768
0.035889
0.055874
0.010747
0.262087
0.353815
0.194793
2.775645
0.688539
0.214658
0.258947
0.852806
0.862739
1.055097
0.688241
0.850322
0.474432
0.530020
0.212659
0.451891
0.435676
0.112409
1.081953
0.168835
0.227855
0.264627
1.321899
0.098555
0.746690
1.446208
0.102323
0.236917
0.759843
1.513294
0.101140
1.271871
0.291924
1.293610
0.493620
0.532269
0.324651
0.963051
1.716019
0.758912
0.054590
0.219588
0.699785
0.538697
0.373803
1.158551
0.368900
0.339229
0.075752
0.841933
0.595370
0.671691
0.007889
0.045751
0.486340
0.799576
0.942184
0.450091
0.015931
0.025158
0.696604
0.111037
3.280393
0.125446
0.227784
1.093227
0.203676
0.297308
0.195974
0.978926
0.348328
1.428869
0.181764
0.302717
0.053079
0.716861
1.041753
0.520022
0.700822
0.148327
0.207652
0.018443
0.520080
0.292109
0.253928
0.824520
0.063901
0.229899
1.061060
1.156524
0.787682
0.047165
1.338247
0.472761
1.008836
0.153832
0.066535
0.038400
0.309238
1.796599
0.505219
0.144589
0.444881
0.317074
0.780855
0.164059
0.170351
0.539566
0.307799
1.031492
0.152674
0.334849
0.064887
0.346451
0.290477
0.723020
1.391625
0.606695
0.085791
1.413947
0.041456
0.184629
0.122814
0.220224
0.370221
0.587034
0.922673
2.241421
0.030820
0.591395
1.560010
1.000186
0.153734
0.604959
0.778688
1.691249
0.106906
0.214997
0.906543
1.409719
0.511309
0.194726
0.312962
0.091420
0.267552
0.580011
0.215467
0.047876
0.553705
0.665386
0.226808
0.038557
0.212468
0.245155
0.774345
0.035943
0.767985
0.214705
0.290041
0.404381
0.004608
0.103019
0.270110
1.216426
0.432983
0.126851
0.029135
0.215969
0.034727
0.619962
1.510340
0.219124
0.616190
0.062581
0.160677
0.071890
0.860656
0.241964
1.064743
0.560299
0.343183
0.190829
0.232020
0.792899
0.106032
0.458618
0.399551
0.212144
0.159880
0.559528
0.016923
0.197440
0.058222
0.274355
0.588922
0.272942
0.116573
0.126746
0.200127
0.795148
0.509734
0.145665
0.523647
0.540233
0.042695
0.430311
0.201181
0.367838
0.252388
0.462055
0.420503
0.391727
0.076680
0.447891
1.146084
0.603573
1.051335
0.226100
1.343026
0.473559
0.162481
0.008080
0.265195
0.098346
2.312204
0.070970
0.010170
0.264174
1.731986
0.961047
0.070862
1.038810
0.174164
0.325947
0.429283
0.616863
0.619802
0.248945
0.347861
0.055913
0.097258
1.204376
0.443570
0.211896
0.847998
0.192738
0.058420
0.214433
0.344866
0.694057
1.115180
0.271967
0.113491
1.194953
0.904796
0.209566
0.283107
0.085527
0.303344
0.466663
0.694770
0.993162
0.052936
0.284460
1.507444
0.450662
0.871368
0.046330
0.218813
1.647935
0.387802
0.491895
0.003169
0.110314
0.373670
0.768584
0.567461
0.285073
0.453121
0.178125
0.050441
0.787006
0.240895
0.628486
0.090121
0.007877
0.626741
0.300478
1.386404
0.788336
0.505768
1.740978
0.131967
0.833983
0.581601
0.040613
0.109946
0.480558
1.131910
1.019367
0.919207
0.367973
0.430474
0.539529
0.018641
0.037166
2.651279
0.193313
0.148946
0.769079
0.147674
0.008456
0.961252
0.075150
0.271383
0.833547
1.288005
0.235026
0.072662
0.173716
0.977880
0.382477
0.746640
0.415264
0.102581
0.296669
0.315093
0.253954
0.199314
0.307160
0.150068
0.715342
0.574850
0.581004
0.812465
0.161850
0.592025
0.288505
0.476781
0.083067
0.465766
1.113092
0.983317
0.142583
2.598743
0.025544
0.034176
0.264777
1.169395
0.031692
0.141346
0.580296
0.220541
0.243009
0.345525
0.959024
0.087810
2.960466
1.214438
0.601098
1.375586
0.865469
0.096694
0.181036
0.277196
0.614520
0.643622
0.699322
0.864304
0.132004
0.732491
0.114303
0.501988
0.436598
0.084958
0.202884
0.657556
0.150671
0.707153
0.191630
0.704808
0.058437
0.951127
0.976570
0.177083
0.395460
0.138019
0.064549
0.386338
1.364212
0.070229
0.233761
0.361269
1.144423
0.024552
0.211001
0.055980
0.105152
0.510765
0.680128
0.261677
0.218047
0.184693
0.607509
0.164769
0.306330
0.084288
0.197135
0.107797
0.350885
0.521717
0.942078
0.027708
0.013695
0.044158
0.539003
0.014814
0.508781
0.575665
0.222475
0.062605
3.156141
0.360764
0.515112
0.065103
1.117554
1.879904
0.452244
0.246106
0.208949
0.771177
0.231493
0.537301
0.369472
0.559021
0.313020
0.120260
0.007609
0.889225
0.179368
0.189978
0.895622
0.246010
0.234345
0.848970
0.181710
0.104376
0.340848
0.623826
0.246879
0.112356
0.331409
0.656371
0.398367
0.279744
0.723111
0.527010
0.104350
0.762408
0.740382
0.009262
0.315513
1.210425
0.724962
0.162049
0.384067
0.464275
0.061799
0.037571
0.497536
0.349304
0.157380
0.337366
0.194428
0.562176
0.017507
0.165433
0.347840
0.707464
0.958412
0.073621
0.074418
0.135472
2.673836
0.005922
1.143793
1.155860
0.437150
1.140812
0.600274
0.462813
0.554058
0.536332
0.251813
1.300688
0.256373
0.084698
1.672542
0.282583
0.086432
0.032854
0.949411
0.135395
0.002315
0.508658
0.109077
0.085486
0.179442
0.034545
2.641810
0.637754
2.194540
0.246499
0.263189
0.264177
0.013839
0.826845
0.055350
0.141818
0.532404
0.023194
0.936431
0.024487
0.165635
0.233080
0.090067
0.342187
0.294644
0.770974
1.197852
0.674476
0.241582
1.660615
0.067718
0.995451
0.501559
0.181580
0.081031
0.375401
0.178867
0.400420
0.316856
1.092725
0.285919
0.557973
1.384102
1.456407
3.373884
0.162228
1.066894
0.145009
0.080404
0.452783
0.623966
0.682193
0.100207
0.177986
0.859223
0.702435
0.430672
0.317322
0.116057
0.319320
0.656120
0.166453
0.057625
0.405019
0.400276
0.174926
0.408776
0.368447
0.116027
0.548165
1.000338
1.577921
1.952751
0.540545
0.497889
1.094254
0.116667
0.616850
0.430885
0.332700
0.028867
0.950595
0.105838
0.197419
0.496385
0.102869
0.197057
0.281429
0.049629
0.052962
0.120282
0.473764
1.534822
0.368190
0.037941
0.093204
0.170037
0.087572
0.156004
0.595774
0.999469
0.001887
0.177273
0.015937
0.151040
1.316429
0.017229
0.160173
0.936360
0.568450
0.061221
1.032288
0.540772
0.126960
1.179685
0.040986
0.670577
0.136145
0.122413
0.764035
0.531198
0.029640
0.220032
0.229779
0.200169
0.662733
0.657576
0.290561
0.202991
0.071443
0.841829
0.025894
0.136690
0.097684
0.614235
1.230527
0.466116
0.360815
0.321158
0.182075
0.618298
0.660941
0.598568
0.189100
0.517922
0.679983
0.085002
0.447133
0.333185
0.285072
0.430669
0.275482
0.405673
0.202726
0.106104
0.414203
0.486625
0.278773
0.054190
0.174677
0.530785
0.148610
0.270217
3.353940
0.321644
1.113790
0.249058
0.873246
0.063285
0.072275
0.018748
0.379329
0.236854
0.304421
0.189564
0.186949
2.204809
0.496825
0.540209
0.799140
1.089869
0.475534
1.948070
0.325435
0.462680
1.132644
0.283537
0.224664
0.095751
0.085419
0.260489
0.549464
0.281703
0.198719
0.012569
0.128061
0.433237
0.822320
1.028552
0.549512
1.747332
0.707298
0.342689
1.570220
1.004966
1.144194
0.157602
1.355110
1.629252
0.917557
0.573091
1.324542
0.324857
0.312704
0.379244
0.014916
1.688393
1.276234
1.244648
0.401565
0.649204
0.150813
0.167946
0.012938
0.196958
0.101596
0.285889
0.054897
0.471764
0.923648
0.085421
0.306393
0.188313
0.341958
0.412641
0.534028
0.907787
0.704431
0.004691
1.481632
1.246945
1.432097
0.358479
0.132249
0.054504
0.713780
0.059818
0.059284
0.099411
0.222785
0.828212
1.087026
0.746339
0.175003
0.239585
0.312385
0.790578
0.096866
0.031280
0.127285
0.237297
0.659884
0.119595
0.285357
2.874213
0.274692
0.136641
1.206345
0.376009
1.465193
1.160721
0.593569
0.175074
0.033131
0.439927
0.638344
0.373534
0.496551
0.144464
0.289541
0.074875
0.320418
0.113658
0.235939
0.169309
0.655117
0.110660
0.979413
0.829600
0.753974
0.384226
0.044315
0.341791
0.656210
0.051352
0.305546
1.010237
0.365162
0.102285
0.198194
0.094579
0.439729
1.706867
0.685761
0.632197
0.372443
0.136267
0.209787
0.192468
1.322745
0.110505
0.572280
0.145318
1.306623
0.058860
0.352926
0.447721
0.425297
0.597420
0.513659
0.546534
0.364266
0.535856
1.214282
0.136696
0.200511
0.280611
0.272561
0.793112
0.531802
0.031253
0.230094
0.005398
0.315510
0.977224
0.265083
1.652732
0.329211
0.407195
0.008876
0.617916
0.004482
1.739625
0.891181
0.243630
0.207244
2.034705
0.832871
0.496462
0.077603
0.101249
1.268916
0.477172
0.124587
1.047613
0.013441
0.746588
0.095517
0.538033
1.271137
0.349310
0.224435
0.158765
0.288189
0.501990
0.467849
0.270585
0.115048
0.396409
0.596439
0.527712
0.266884
0.372634
0.161194
0.623963
0.637177
0.423584
0.029629
0.006466
1.642757
0.030379
0.714886
0.009732
1.564579
0.477822
0.498170
0.242332
0.352361
0.116033
0.939373
0.112006
0.034084
0.374833
0.163810
0.149226
0.736013
0.314622
1.730803
0.468127
0.040909
0.235154
0.870864
0.065543
1.027512
0.107730
0.608250
0.553730
0.010511
0.495247
3.126889
0.565429
0.284746
0.235671
0.553587
0.282874
0.637716
0.495617
0.480858
0.694201
0.052086
0.612950
0.145357
1.197885
0.917516
0.310913
0.154507
0.793836
0.506970
0.521040
0.883195
0.974989
0.686458
0.532914
1.551297
0.855654
0.087305
0.690165
0.058360
0.410710
0.091700
0.154741
0.431211
0.065495
0.308290
0.810296
1.070800
0.663555
0.033508
0.278832
0.131552
0.050579
2.148516
0.161029
0.628120
0.546993
0.576725
0.477647
0.229765
0.009466
0.103191
0.070075
1.092109
0.056372
1.801845
0.309484
0.277494
0.300731
0.448249
0.844146
0.324997
1.244820
0.015561
4.061520
0.007367
0.867405
0.564398
0.138480
1.012743
0.532376
0.637565
0.119096
0.128978
0.280502
0.198113
0.199673
0.418997
0.553287
0.052048
0.417293
0.968246
0.163196
0.239596
0.594095
0.580342
0.924306
0.518425
0.681617
0.130193
1.492534
0.511496
0.437062
0.536010
0.593575
0.224662
0.072695
0.130939
0.141952
0.024472
0.763141
0.069730
0.779564
0.086301
0.225307
1.770043
0.268356
0.339314
0.449696
0.487010
0.185981
0.433124
0.119903
0.421173
0.139747
0.067324
0.177543
0.254638
0.091629
0.168420
0.266243
1.088299
0.508656
0.091287
0.610467
0.592316
0.280723
0.419706
1.816789
1.363394
0.202930
0.687841
0.270780
0.008099
0.031117
0.043182
0.463343
0.644515
0.015699
0.346033
0.257788
0.448675
0.528678
0.601205
0.007217
0.994581
0.499618
0.194224
0.019634
0.100332
0.657327
0.107252
0.660677
0.199833
0.090533
0.412794
1.218382
0.207794
0.106283
0.273460
0.167145
0.769494
0.141978
0.611292
1.043988
1.943061
0.020420
0.434937
0.774592
0.903210
0.458723
1.598505
0.974635
0.028042
0.538831
0.031996
0.875064
0.698008
1.134495
1.043584
0.173325
0.419014
1.283924
1.125472
0.127748
0.279765
0.095359
0.152713
0.284720
1.074438
0.025017
0.133275
0.385110
0.944475
0.155879
0.469761
0.425737
0.009112
0.352480
0.106088
0.065868
0.309511
1.259692
1.071080
0.921469
0.440624
0.293294
0.431548
1.148120
0.462001
0.924039
0.131364
0.134002
0.134214
0.598040
1.453284
0.163294
0.702518
0.152772
1.235370
0.285606
0.663920
0.193127
2.323796
1.208680
0.392068
0.231606
0.021368
0.079235
0.049681
0.579449
0.278769
0.014511
0.720989
0.878077
0.177639
0.517162
0.560802
0.004504
0.640440
0.072316
0.123324
0.669162
0.759255
0.491669
0.092197
0.080723
0.645290
0.112838
0.270494
0.276730
0.603037
0.332624
0.687070
1.009070
0.185897
0.490940
2.293324
0.775728
1.386662
0.203914
0.776066
0.212582
1.170685
0.136340
0.127634
0.318731
0.162916
0.422247
0.745963
0.295805
0.268110
0.540831
1.142095
0.051740
0.131056
0.155111
0.592266
1.243593
0.466680
1.948180
0.403581
0.011380
0.110524
0.109103
0.905206
0.455298
0.825850
0.599535
0.065062
0.560933
0.288566
0.707142
0.127307
1.590191
0.205841
0.737324
0.410848
0.113608
0.017346
0.028707
0.743583
0.268300
0.255694
0.316947
0.367822
0.072950
0.536248
0.274701
0.264734
0.030250
0.583540
0.261552
0.996113
0.548530
1.605999
0.041514
0.044845
0.788364
0.897563
0.141249
0.125205
0.029875
0.800047
0.023439
0.597998
0.367732
0.595238
0.245418
0.111803
0.495793
0.816112
0.199715
0.361997
0.721785
0.079952
0.508431
0.285885
0.008565
0.286967
0.381329
0.810196
0.122663
0.225895
0.396383
0.179550
0.455001
0.782769
0.686167
0.097367
1.386795
0.475741
0.544483
0.226605
0.665630
0.377765
0.621934
0.049604
0.206031
0.007472
0.174906
0.040120
1.127513
0.285410
0.006842
0.270228
0.121523
0.222843
0.025525
0.314836
0.797947
0.718432
0.295813
0.411716
0.012432
0.669420
0.026235
0.072199
0.874849
0.346178
0.960735
0.456157
0.267584
0.192200
0.837225
0.099662
0.162208
0.236654
0.159843
0.767708
0.206987
0.160544
1.075526
0.185018
0.143135
1.406404
1.805689
1.683033
0.664393
0.380939
0.565312
0.090818
0.423264
0.299250
0.156322
0.357437
0.058177
0.037732
0.536738
0.031408
0.168410
0.097800
1.220717
0.103692
0.838625
2.068411
0.380364
0.517552
0.196939
0.709389
0.392261
0.199615
0.141526
0.142229
0.028287
0.282184
0.380209
0.126059
0.237866
0.488782
0.706395
0.060711
0.599990
0.648329
0.125509
0.003481
0.457603
1.166224
0.691623
0.277419
0.001035
0.734480
0.480605
0.342451
1.301102
0.283542
0.314672
0.977073
0.589030
0.383917
0.152948
0.158428
0.101793
0.971885
0.968898
0.289779
0.488181
0.083305
0.224996
0.183837
0.805210
1.148286
0.089631
0.150783
0.403915
0.014432
0.103882
0.002936
0.243632
0.234772
0.796759
0.536789
0.518389
0.190783
0.190449
0.534600
0.290969
3.407466
0.408486
0.126104
0.429219
0.802699
2.570635
0.561698
0.822540
0.177742
0.043462
0.139620
1.123007
0.326257
0.002074
0.408134
1.988590
0.032713
0.275726
0.163451
0.395866
0.276409
0.343353
0.106092
0.131272
1.020009
0.521183
0.372074
0.203323
0.401750
0.354123
0.278699
0.564904
0.674716
0.323600
0.235872
1.069353
0.007158
1.086906
0.191430
0.095042
0.321068
0.619644
0.982791
0.734941
0.102044
0.667113
0.561654
0.193384
0.970322
0.196214
0.186218
0.033989
0.393749
0.065130
0.590555
0.175181
0.450341
0.289742
1.403784
0.554311
0.307581
1.297696
1.251569
0.635903
0.435736
0.016778
0.479395
1.333407
0.225981
0.246061
0.262027
0.198747
0.533065
0.598379
0.247935
0.923060
0.021757
0.529300
1.538324
1.730704
0.350183
1.431656
0.550492
1.373066
0.256345
0.438385
0.101171
0.791857
0.003566
0.284479
0.187651
0.122101
0.423278
0.535155
0.913684
0.872434
0.217762
0.063499
0.312827
0.682113
0.344039
0.785635
0.873805
0.250990
0.109439
1.356361
0.703194
0.897582
0.220161
0.092545
1.109356
0.146232
1.078046
0.075175
0.084920
0.143376
0.006308
0.638736
0.112967
1.045201
0.013134
0.668467
0.522562
0.952889
0.574757
0.606616
0.234758
0.352532
0.028984
0.426195
0.439805
0.011314
0.019660
0.014212
2.395769
0.353938
0.224270
0.639109
0.585144
0.091398
0.810600
1.178714
2.382711
0.847483
0.075732
0.144855
0.169493
0.074191
0.525006
0.545813
0.247973
0.499024
1.767238
0.557028
0.373739
1.062937
0.292363
0.085538
0.756675
0.435983
0.352821
0.951499
0.649557
0.341714
0.282458
0.740240
1.321940
0.161694
1.125467
0.116848
0.393297
0.110589
1.471117
0.316320
0.202782
0.293939
0.497173
2.391402
0.166733
0.947928
0.717905
0.135770
0.478928
1.182475
1.232882
0.212800
0.557043
0.585521
0.052502
0.181733
0.662974
1.084552
0.175596
0.263287
0.232137
0.155328
0.017188
1.410867
1.396258
0.169762
0.447525
1.014907
0.133637
1.015089
0.018659
0.525545
0.001844
1.011961
0.103373
0.063368
0.459788
0.142780
1.801542
0.102002
0.418133
0.047621
1.064886
0.142621
1.500522
0.053894
0.227886
0.030137
0.054029
0.300784
0.421989
0.020540
0.281255
0.702934
0.585855
0.430837
0.814712
0.061828
1.226959
0.204419
0.028115
1.660356
0.836152
0.265535
1.152342
0.871267
0.343064
0.185523
1.539254
0.262966
1.986995
0.029678
0.404881
0.330565
0.045887
0.732955
0.813310
0.997224
0.707472
1.283476
0.675206
0.675269
0.172286
0.926821
1.276457
0.346850
0.076961
0.606103
0.139967
0.598884
0.368014
0.131673
0.123701
0.512957
0.125942
0.204788
0.184542
0.103840
1.041941
0.285691
0.209937
0.493676
0.214051
0.064939
0.020226
0.190347
0.186397
0.126652
0.989771
0.261235
0.394500
0.461695
0.719708
0.500962
1.394190
0.009874
0.516486
0.450242
0.044000
0.818701
0.174460
0.351293
0.292829
1.033144
0.185444
0.075129
0.856649
0.110891
0.036120
0.201345
0.114665
0.186191
0.300775
0.258736
0.455166
0.009549
1.507427
0.417343
0.430625
0.803394
0.570048
0.192898
0.714566
0.291345
0.033581
0.624718
3.612628
0.724263
0.724133
0.661086
0.000333
0.095796
0.270443
0.284351
0.987750
0.002272
0.114036
0.349857
0.348622
0.983823
0.493149
0.686600
1.004810
0.108313
0.319032
0.475530
1.337845
0.571354
0.207306
0.213918
0.118121
0.236660
0.258399
0.910290
0.263606
0.604377
1.506422
1.190925
0.237205
0.829637
0.005282
0.466107
0.258503
1.279726
0.013057
0.112459
0.142567
0.448703
0.016708
0.201307
0.210268
1.270416
0.452307
0.133940
0.530862
0.078454
0.551331
0.187503
0.800137
0.531347
0.770877
0.120043
0.173103
0.174241
0.187833
0.281015
0.081336
0.142955
0.243704
1.023930
0.631647
0.182739
0.119272
1.097878
0.829922
0.899765
0.359966
0.461854
1.080762
0.576165
0.563281
0.040563
0.495142
0.576103
0.004402
0.195050
0.959636
0.100090
0.031213
0.062671
1.589570
0.315941
0.401559
0.502735
0.746498
0.341123
0.247008
0.934474
1.258986
1.734317
0.179000
0.574607
0.054333
0.463023
0.314062
1.289852
0.047067
1.255535
0.440135
0.487645
0.231343
0.329033
0.311949
1.418589
0.153332
0.734920
0.010500
0.147937
0.444080
0.253366
0.289738
0.955063
0.373268
0.247641
0.895944
0.108918
0.929187
0.217434
2.775600
0.677056
0.877932
0.304255
0.170816
0.755365
1.053324
0.357816
0.213672
0.856875
0.420335
0.054563
0.401596
0.104479
0.183238
0.923720
0.389488
0.562141
0.517838
0.694322
0.060555
0.040818
0.401254
0.021224
0.327401
0.001110
0.165549
0.179360
0.073164
0.978553
0.660283
0.797508
0.732195
1.152783
0.180746
0.514097
1.354348
0.148626
0.814765
0.313956
0.010537
0.340981
1.775025
0.143305
0.130086
0.083129
0.233100
0.460150
0.049026
0.705065
0.121226
0.364224
1.882671
0.703298
0.582827
1.422704
0.204119
0.215547
0.964080
0.000859
0.980251
0.758762
0.000019
0.499712
0.339181
0.199731
1.021272
0.086889
2.057171
0.280496
0.121740
0.036879
0.019948
0.208697
0.109885
1.806153
0.244513
0.394692
0.370445
0.159016
0.409642
0.225538
1.198995
0.133981
0.628632
0.414049
0.233421
0.223852
0.706178
0.205675
0.036788
0.114123
0.885350
0.120510
0.499731
0.631439
0.201959
2.188751
1.605106
1.022461
0.207036
0.215042
0.829348
0.091158
0.048619
0.195352
0.607808
0.151394
0.656290
0.854006
0.074406
1.041430
0.173577
0.404684
0.388741
0.078648
0.145974
0.266957
1.583483
1.151402
0.548655
0.232078
0.012336
0.452340
0.574497
1.325621
0.019736
0.318163
0.094083
0.742853
1.000003
0.283968
0.426754
0.447681
0.010700
0.988938
0.381874
0.203469
0.858379
0.543024
0.888718
0.274994
0.044585
0.796388
0.067218
0.095622
0.421373
0.076380
1.677692
0.350096
0.336836
0.129779
0.117294
0.245250
0.656456
0.194408
0.131978
0.053663
0.253039
0.839649
0.264274
1.458260
0.236329
0.308363
0.061791
0.841238
0.220917
0.351265
1.983814
0.020830
0.787959
0.007366
0.764601
0.764205
1.136160
0.531369
0.017805
1.569021
0.064118
0.779226
0.734968
0.253336
0.878827
0.526015
0.368695
0.105843
0.301080
0.009386
0.392355
0.725896
0.508454
0.630402
0.307834
0.359799
1.021511
0.113478
0.427416
0.033600
0.201318
0.446658
1.637991
0.017887
0.489510
1.600551
0.545406
0.793294
1.178414
0.018770
0.131729
0.554583
0.331191
1.391842
0.083161
0.170481
0.763377
0.959720
0.453212
0.386009
0.860072
1.006518
1.053285
0.217615
1.243016
2.378413
0.434002
0.477745
0.504304
0.020682
0.010092
0.879046
1.263828
0.015287
0.044308
0.173517
0.072590
0.106013
0.038056
0.679946
0.911705
0.055237
1.003120
0.421983
1.682339
1.322314
0.091941
2.639482
0.194862
0.403871
0.230847
1.710965
0.151864
0.247634
0.576026
0.106392
0.241699
0.247831
0.657812
0.413488
0.064983
0.222606
1.554718
1.743558
1.111482
0.003968
1.008803
0.060970
0.266927
0.226509
0.569023
0.172501
1.743040
0.222194
0.038311
0.566939
0.786830
0.088007
0.407612
0.126453
0.566215
