0.000000  1.254245 
0.006277  1.252379 
0.012554  1.254245 
0.018831  1.252378 
0.025108  1.254245 
0.031385  1.252377 
0.037662  1.254245 
0.043939  1.252376 
0.050216  1.254246 
0.056493  1.252375 
0.062770  1.254248 
0.069048  1.252374 
0.075325  1.254249 
0.081602  1.252372 
0.087879  1.254251 
0.094156  1.252370 
0.100433  1.254253 
0.106710  1.252367 
0.112987  1.254255 
0.119264  1.252365 
0.125541  1.254258 
0.131818  1.252362 
0.138095  1.254261 
0.144372  1.252358 
0.150649  1.254264 
0.156926  1.252354 
0.163203  1.254268 
0.169480  1.252350 
0.175757  1.254272 
0.182034  1.252346 
0.188311  1.254276 
0.194589  1.252342 
0.200866  1.254282 
0.207143  1.252338 
0.213420  1.254288 
0.219697  1.252333 
0.225974  1.254294 
0.232251  1.252327 
0.238528  1.254299 
0.244805  1.252321 
0.251082  1.254306 
0.257359  1.252315 
0.263636  1.254313 
0.269913  1.252308 
0.276190  1.254320 
0.282467  1.252301 
0.288744  1.254328 
0.295021  1.252293 
0.301298  1.254337 
0.307575  1.252287 
0.313852  1.254346 
0.320130  1.252278 
0.326407  1.254355 
0.332684  1.252268 
0.338961  1.254364 
0.345238  1.252258 
0.351515  1.254374 
0.357792  1.252247 
0.364069  1.254384 
0.370346  1.252236 
0.376623  1.254396 
0.382900  1.252224 
0.389177  1.254407 
0.395454  1.252212 
0.401731  1.254420 
0.408008  1.252199 
0.414285  1.254433 
0.420562  1.252185 
0.426839  1.254447 
0.433116  1.252170 
0.439393  1.254462 
0.445670  1.252155 
0.451948  1.254478 
0.458225  1.252139 
0.464502  1.254495 
0.470779  1.252122 
0.477056  1.254512 
0.483333  1.252103 
0.489610  1.254531 
0.495887  1.252084 
0.502164  1.254552 
0.508441  1.252064 
0.514718  1.254573 
0.520995  1.252043 
0.527272  1.254595 
0.533549  1.252020 
0.539826  1.254619 
0.546103  1.251995 
0.552380  1.254644 
0.558657  1.251969 
0.564934  1.254671 
0.571211  1.251941 
0.577489  1.254700 
0.583766  1.251912 
0.590043  1.254731 
0.596320  1.251880 
0.602597  1.254763 
0.608874  1.251846 
0.615151  1.254798 
0.621428  1.251809 
0.627705  1.254836 
0.633982  1.251771 
0.640259  1.254877 
0.646536  1.251729 
0.652813  1.254921 
0.659090  1.251684 
0.665367  1.254968 
0.671644  1.251635 
0.677921  1.255019 
0.684198  1.251582 
0.690475  1.255075 
0.696752  1.251524 
0.703030  1.255135 
0.709307  1.251461 
0.715584  1.255201 
0.721861  1.251392 
0.728138  1.255273 
0.734415  1.251317 
0.740692  1.255353 
0.746969  1.251233 
0.753246  1.255440 
0.759523  1.251140 
0.765800  1.255538 
0.772077  1.251037 
0.778354  1.255647 
0.784631  1.250921 
0.790908  1.255769 
0.797185  1.250790 
0.803462  1.255906 
0.809739  1.250639 
0.816016  1.256065 
0.822293  1.250473 
0.828570  1.256250 
0.834848  1.250278 
0.841125  1.256462 
0.847402  1.250050 
0.853679  1.256712 
0.859956  1.249780 
0.866233  1.257009 
0.872510  1.249454 
0.878787  1.257370 
0.885064  1.249055 
0.891341  1.257816 
0.897618  1.248555 
0.903895  1.258382 
0.910172  1.247911 
0.916449  1.259123 
0.922726  1.247050 
0.929003  1.260136 
0.935280  1.245841 
0.941557  1.261602 
0.947834  1.244025 
0.954112  1.263910 
0.960389  1.240994 
0.966666  1.268064 
0.972943  1.234955 
0.979220  1.277638 
0.985497  1.217499 
0.991774  1.319215 
0.998051  0.995582 
1.004328  -0.041264 
1.010605  0.029534 
1.016882  -0.021248 
1.023159  0.016415 
1.029436  -0.013302 
1.035713  0.011168 
1.041990  -0.009595 
1.048267  0.008414 
1.054544  -0.007470 
1.060821  0.006726 
1.067098  -0.006096 
1.073375  0.005587 
1.079652  -0.005137 
1.085930  0.004767 
1.092207  -0.004429 
1.098484  0.004150 
1.104761  -0.003885 
1.111038  0.003668 
1.117315  -0.003455 
1.123592  0.003282 
1.129869  -0.003106 
1.136146  0.002965 
1.142423  -0.002817 
1.148700  0.002701 
1.154977  -0.002575 
1.161254  0.002476 
1.167531  -0.002368 
1.173808  0.002284 
1.180085  -0.002190 
1.186362  0.002118 
1.192639  -0.002035 
1.198916  0.001972 
1.205194  -0.001898 
1.211470  0.001844 
1.217748  -0.001777 
1.224025  0.001729 
1.230302  -0.001670 
1.236579  0.001627 
1.242856  -0.001573 
1.249133  0.001535 
1.255410  -0.001486 
1.261687  0.001452 
1.267964  -0.001407 
1.274241  0.001376 
1.280518  -0.001336 
1.286795  0.001307 
1.293072  -0.001270 
1.299349  0.001242 
1.305626  -0.001212 
1.311903  0.001179 
1.318180  -0.001158 
1.324457  0.001129 
1.330734  -0.001104 
1.337012  0.001080 
1.343289  -0.001056 
1.349566  0.001035 
1.355843  -0.001012 
1.362120  0.000993 
1.368397  -0.000970 
1.374674  0.000954 
1.380951  -0.000931 
1.387228  0.000917 
1.393505  -0.000894 
1.399782  0.000883 
1.406059  -0.000860 
1.412336  0.000850 
1.418613  -0.000828 
1.424890  0.000820 
1.431167  -0.000798 
1.437444  0.000791 
1.443721  -0.000770 
1.449998  0.000764 
1.456275  -0.000742 
1.462552  0.000739 
1.468830  -0.000717 
1.475107  0.000714 
1.481384  -0.000694 
1.487661  0.000691 
1.493938  -0.000671 
1.500215  0.000668 
1.506492  -0.000652 
1.512769  0.000646 
1.519046  -0.000631 
1.525323  0.000627 
1.531600  -0.000611 
1.537877  0.000608 
1.544154  -0.000593 
1.550431  0.000590 
1.556708  -0.000575 
1.562985  0.000573 
1.569262  -0.000558 
1.575539  0.000556 
1.581816  -0.000542 
1.588094  0.000541 
1.594370  -0.000527 
1.600648  0.000525 
1.606925  -0.000513 
1.613202  0.000510 
1.619479  -0.000498 
1.625756  0.000497 
1.632033  -0.000484 
1.638310  0.000484 
1.644587  -0.000471 
1.650864  0.000472 
1.657141  -0.000458 
1.663418  0.000460 
1.669695  -0.000446 
1.675972  0.000448 
1.682249  -0.000435 
1.688526  0.000437 
1.694803  -0.000423 
1.701080  0.000426 
1.707357  -0.000413 
1.713634  0.000415 
1.719912  -0.000403 
1.726188  0.000404 
1.732466  -0.000393 
1.738743  0.000394 
1.745020  -0.000384 
1.751297  0.000384 
1.757574  -0.000375 
1.763851  0.000375 
1.770128  -0.000366 
1.776405  0.000366 
1.782682  -0.000358 
1.788959  0.000358 
1.795236  -0.000349 
1.801513  0.000348 
1.807790  -0.000342 
1.814067  0.000340 
1.820344  -0.000334 
1.826621  0.000332 
1.832898  -0.000326 
1.839175  0.000325 
1.845452  -0.000319 
1.851730  0.000318 
1.858006  -0.000311 
1.864284  0.000311 
1.870561  -0.000305 
1.876838  0.000304 
1.883115  -0.000298 
1.889392  0.000297 
1.895669  -0.000292 
1.901946  0.000290 
1.908223  -0.000285 
1.914500  0.000284 
1.920777  -0.000279 
1.927054  0.000278 
1.933331  -0.000273 
1.939608  0.000272 
1.945885  -0.000267 
1.952162  0.000266 
1.958439  -0.000262 
1.964716  0.000260 
1.970993  -0.000256 
1.977270  0.000255 
1.983548  -0.000250 
1.989825  0.000250 
1.996102  -0.000245 
2.002379  0.000245 
2.008656  -0.000239 
2.014933  0.000240 
2.021210  -0.000235 
2.027487  0.000234 
2.033764  -0.000230 
2.040041  0.000229 
2.046318  -0.000225 
2.052595  0.000225 
2.058872  -0.000220 
2.065149  0.000220 
2.071426  -0.000216 
2.077703  0.000215 
2.083980  -0.000211 
2.090257  0.000211 
2.096534  -0.000207 
2.102812  0.000207 
2.109089  -0.000202 
2.115366  0.000203 
2.121643  -0.000199 
2.127920  0.000198 
2.134197  -0.000196 
2.140474  0.000193 
2.146751  -0.000192 
2.153028  0.000189 
2.159305  -0.000189 
2.165582  0.000184 
2.171859  -0.000185 
2.178136  0.000180 
2.184413  -0.000181 
2.190690  0.000177 
2.196967  -0.000178 
2.203244  0.000173 
2.209521  -0.000174 
2.215798  0.000169 
2.222075  -0.000171 
2.228352  0.000166 
2.234629  -0.000168 
2.240907  0.000162 
2.247184  -0.000164 
2.253461  0.000159 
2.259738  -0.000161 
2.266015  0.000156 
2.272292  -0.000158 
2.278569  0.000152 
2.284846  -0.000155 
2.291123  0.000148 
2.297400  -0.000152 
2.303677  0.000145 
2.309954  -0.000148 
2.316231  0.000142 
2.322508  -0.000145 
2.328785  0.000139 
2.335062  -0.000142 
2.341339  0.000137 
2.347616  -0.000140 
2.353894  0.000133 
2.360170  -0.000137 
2.366447  0.000130 
2.372725  -0.000134 
2.379002  0.000128 
2.385279  -0.000131 
2.391556  0.000125 
2.397833  -0.000129 
2.404110  0.000122 
2.410387  -0.000126 
2.416664  0.000119 
2.422941  -0.000123 
2.429218  0.000117 
2.435495  -0.000121 
2.441772  0.000115 
2.448049  -0.000118 
2.454326  0.000112 
2.460603  -0.000115 
2.466880  0.000110 
2.473157  -0.000112 
2.479434  0.000108 
2.485712  -0.000110 
2.491988  0.000105 
2.498266  -0.000108 
2.504543  0.000102 
2.510820  -0.000106 
2.517097  0.000100 
2.523374  -0.000103 
2.529651  0.000097 
2.535928  -0.000101 
2.542205  0.000095 
2.548482  -0.000099 
2.554759  0.000093 
2.561036  -0.000097 
2.567313  0.000090 
2.573590  -0.000094 
2.579867  0.000088 
2.586144  -0.000092 
2.592421  0.000086 
2.598698  -0.000090 
2.604975  0.000085 
2.611253  -0.000088 
2.617530  0.000082 
2.623806  -0.000084 
2.630084  0.000080 
2.636361  -0.000083 
2.642638  0.000078 
2.648915  -0.000080 
2.655192  0.000077 
2.661469  -0.000078 
2.667746  0.000075 
2.674023  -0.000076 
2.680300  0.000072 
2.686577  -0.000074 
2.692854  0.000070 
2.699131  -0.000073 
2.705408  0.000068 
2.711685  -0.000071 
2.717962  0.000066 
2.724239  -0.000069 
2.730516  0.000064 
2.736794  -0.000067 
2.743071  0.000062 
2.749348  -0.000065 
2.755625  0.000059 
2.761902  -0.000064 
2.768179  0.000057 
2.774456  -0.000062 
2.780733  0.000055 
2.787010  -0.000061 
2.793287  0.000052 
2.799564  -0.000060 
2.805841  0.000048 
2.812118  -0.000059 
2.818395  0.000049 
2.824672  -0.000055 
2.830949  0.000048 
2.837226  -0.000053 
2.843503  0.000047 
2.849780  -0.000050 
2.856057  0.000046 
2.862334  -0.000048 
2.868612  0.000044 
2.874889  -0.000046 
2.881166  0.000043 
2.887443  -0.000044 
2.893720  0.000041 
2.899997  -0.000042 
2.906274  0.000040 
2.912551  -0.000040 
2.918828  0.000038 
2.925105  -0.000038 
2.931382  0.000036 
2.937659  -0.000037 
2.943936  0.000034 
2.950213  -0.000035 
2.956490  0.000032 
2.962767  -0.000034 
2.969044  0.000031 
2.975321  -0.000032 
2.981598  0.000030 
2.987875  -0.000030 
2.994152  0.000028 
3.000430  -0.000028 
3.006707  0.000027 
3.012984  -0.000025 
3.019261  0.000026 
3.025538  -0.000024 
3.031815  0.000024 
3.038092  -0.000021 
3.044369  0.000023 
3.050646  -0.000019 
3.056923  0.000022 
3.063200  -0.000017 
3.069477  0.000021 
3.075754  -0.000015 
3.082031  0.000020 
3.088308  -0.000013 
3.094585  0.000019 
3.100863  -0.000011 
3.107139  0.000019 
3.113416  -0.000005 
3.119694  0.000018 
3.125970  -0.000008 
3.132248  0.000013 
3.138525  -0.000009 
3.144802  0.000010 
3.151078  -0.000007 
3.157356  0.000008 
3.163633  -0.000007 
3.169910  0.000006 
3.176187  -0.000005 
3.182464  0.000004 
3.188741  -0.000003 
3.195018  0.000003 
3.201295  -0.000002 
3.207572  0.000001 
-3.213849  -0.000000 
-3.207572  0.000001 
-3.201295  -0.000002 
-3.195018  0.000003 
-3.188741  -0.000003 
-3.182464  0.000004 
-3.176187  -0.000005 
-3.169910  0.000006 
-3.163633  -0.000007 
-3.157356  0.000008 
-3.151078  -0.000007 
-3.144802  0.000010 
-3.138525  -0.000009 
-3.132248  0.000013 
-3.125970  -0.000008 
-3.119694  0.000018 
-3.113416  -0.000005 
-3.107139  0.000019 
-3.100863  -0.000011 
-3.094585  0.000019 
-3.088308  -0.000013 
-3.082031  0.000020 
-3.075754  -0.000015 
-3.069477  0.000021 
-3.063200  -0.000017 
-3.056923  0.000022 
-3.050646  -0.000019 
-3.044369  0.000023 
-3.038092  -0.000021 
-3.031815  0.000024 
-3.025538  -0.000024 
-3.019261  0.000026 
-3.012984  -0.000025 
-3.006707  0.000027 
-3.000430  -0.000028 
-2.994152  0.000028 
-2.987875  -0.000030 
-2.981598  0.000030 
-2.975321  -0.000032 
-2.969044  0.000031 
-2.962767  -0.000034 
-2.956490  0.000032 
-2.950213  -0.000035 
-2.943936  0.000034 
-2.937659  -0.000037 
-2.931382  0.000036 
-2.925105  -0.000038 
-2.918828  0.000038 
-2.912551  -0.000040 
-2.906274  0.000040 
-2.899997  -0.000042 
-2.893720  0.000041 
-2.887443  -0.000044 
-2.881166  0.000043 
-2.874889  -0.000046 
-2.868612  0.000044 
-2.862334  -0.000048 
-2.856057  0.000046 
-2.849780  -0.000050 
-2.843503  0.000047 
-2.837226  -0.000053 
-2.830949  0.000048 
-2.824672  -0.000055 
-2.818395  0.000049 
-2.812118  -0.000059 
-2.805841  0.000048 
-2.799564  -0.000060 
-2.793287  0.000052 
-2.787010  -0.000061 
-2.780733  0.000055 
-2.774456  -0.000062 
-2.768179  0.000057 
-2.761902  -0.000064 
-2.755625  0.000059 
-2.749348  -0.000065 
-2.743071  0.000062 
-2.736794  -0.000067 
-2.730516  0.000064 
-2.724239  -0.000069 
-2.717962  0.000066 
-2.711685  -0.000071 
-2.705408  0.000068 
-2.699131  -0.000073 
-2.692854  0.000070 
-2.686577  -0.000074 
-2.680300  0.000072 
-2.674023  -0.000076 
-2.667746  0.000075 
-2.661469  -0.000078 
-2.655192  0.000077 
-2.648915  -0.000080 
-2.642638  0.000078 
-2.636361  -0.000083 
-2.630084  0.000080 
-2.623806  -0.000084 
-2.617530  0.000082 
-2.611253  -0.000088 
-2.604975  0.000085 
-2.598698  -0.000090 
-2.592421  0.000086 
-2.586144  -0.000092 
-2.579867  0.000088 
-2.573590  -0.000094 
-2.567313  0.000090 
-2.561036  -0.000097 
-2.554759  0.000093 
-2.548482  -0.000099 
-2.542205  0.000095 
-2.535928  -0.000101 
-2.529651  0.000097 
-2.523374  -0.000103 
-2.517097  0.000100 
-2.510820  -0.000106 
-2.504543  0.000102 
-2.498266  -0.000108 
-2.491988  0.000105 
-2.485712  -0.000110 
-2.479434  0.000108 
-2.473157  -0.000112 
-2.466880  0.000110 
-2.460603  -0.000115 
-2.454326  0.000112 
-2.448049  -0.000118 
-2.441772  0.000115 
-2.435495  -0.000121 
-2.429218  0.000117 
-2.422941  -0.000123 
-2.416664  0.000119 
-2.410387  -0.000126 
-2.404110  0.000122 
-2.397833  -0.000129 
-2.391556  0.000125 
-2.385279  -0.000131 
-2.379002  0.000128 
-2.372725  -0.000134 
-2.366447  0.000130 
-2.360170  -0.000137 
-2.353894  0.000133 
-2.347616  -0.000140 
-2.341339  0.000137 
-2.335062  -0.000142 
-2.328785  0.000139 
-2.322508  -0.000145 
-2.316231  0.000142 
-2.309954  -0.000148 
-2.303677  0.000145 
-2.297400  -0.000152 
-2.291123  0.000148 
-2.284846  -0.000155 
-2.278569  0.000152 
-2.272292  -0.000158 
-2.266015  0.000156 
-2.259738  -0.000161 
-2.253461  0.000159 
-2.247184  -0.000164 
-2.240907  0.000162 
-2.234629  -0.000168 
-2.228352  0.000166 
-2.222075  -0.000171 
-2.215798  0.000169 
-2.209521  -0.000174 
-2.203244  0.000173 
-2.196967  -0.000178 
-2.190690  0.000177 
-2.184413  -0.000181 
-2.178136  0.000180 
-2.171859  -0.000185 
-2.165582  0.000184 
-2.159305  -0.000189 
-2.153028  0.000189 
-2.146751  -0.000192 
-2.140474  0.000193 
-2.134197  -0.000196 
-2.127920  0.000198 
-2.121643  -0.000199 
-2.115366  0.000203 
-2.109089  -0.000202 
-2.102812  0.000207 
-2.096534  -0.000207 
-2.090257  0.000211 
-2.083980  -0.000211 
-2.077703  0.000215 
-2.071426  -0.000216 
-2.065149  0.000220 
-2.058872  -0.000220 
-2.052595  0.000225 
-2.046318  -0.000225 
-2.040041  0.000229 
-2.033764  -0.000230 
-2.027487  0.000234 
-2.021210  -0.000235 
-2.014933  0.000240 
-2.008656  -0.000239 
-2.002379  0.000245 
-1.996102  -0.000245 
-1.989825  0.000250 
-1.983548  -0.000250 
-1.977270  0.000255 
-1.970993  -0.000256 
-1.964716  0.000260 
-1.958439  -0.000262 
-1.952162  0.000266 
-1.945885  -0.000267 
-1.939608  0.000272 
-1.933331  -0.000273 
-1.927054  0.000278 
-1.920777  -0.000279 
-1.914500  0.000284 
-1.908223  -0.000285 
-1.901946  0.000290 
-1.895669  -0.000292 
-1.889392  0.000297 
-1.883115  -0.000298 
-1.876838  0.000304 
-1.870561  -0.000305 
-1.864284  0.000311 
-1.858006  -0.000311 
-1.851730  0.000318 
-1.845452  -0.000319 
-1.839175  0.000325 
-1.832898  -0.000326 
-1.826621  0.000332 
-1.820344  -0.000334 
-1.814067  0.000340 
-1.807790  -0.000342 
-1.801513  0.000348 
-1.795236  -0.000349 
-1.788959  0.000358 
-1.782682  -0.000358 
-1.776405  0.000366 
-1.770128  -0.000366 
-1.763851  0.000375 
-1.757574  -0.000375 
-1.751297  0.000384 
-1.745020  -0.000384 
-1.738743  0.000394 
-1.732466  -0.000393 
-1.726188  0.000404 
-1.719912  -0.000403 
-1.713634  0.000415 
-1.707357  -0.000413 
-1.701080  0.000426 
-1.694803  -0.000423 
-1.688526  0.000437 
-1.682249  -0.000435 
-1.675972  0.000448 
-1.669695  -0.000446 
-1.663418  0.000460 
-1.657141  -0.000458 
-1.650864  0.000472 
-1.644587  -0.000471 
-1.638310  0.000484 
-1.632033  -0.000484 
-1.625756  0.000497 
-1.619479  -0.000498 
-1.613202  0.000510 
-1.606925  -0.000513 
-1.600648  0.000525 
-1.594370  -0.000527 
-1.588094  0.000541 
-1.581816  -0.000542 
-1.575539  0.000556 
-1.569262  -0.000558 
-1.562985  0.000573 
-1.556708  -0.000575 
-1.550431  0.000590 
-1.544154  -0.000593 
-1.537877  0.000608 
-1.531600  -0.000611 
-1.525323  0.000627 
-1.519046  -0.000631 
-1.512769  0.000646 
-1.506492  -0.000652 
-1.500215  0.000668 
-1.493938  -0.000671 
-1.487661  0.000691 
-1.481384  -0.000694 
-1.475107  0.000714 
-1.468830  -0.000717 
-1.462552  0.000739 
-1.456275  -0.000742 
-1.449998  0.000764 
-1.443721  -0.000770 
-1.437444  0.000791 
-1.431167  -0.000798 
-1.424890  0.000820 
-1.418613  -0.000828 
-1.412336  0.000850 
-1.406059  -0.000860 
-1.399782  0.000883 
-1.393505  -0.000894 
-1.387228  0.000917 
-1.380951  -0.000931 
-1.374674  0.000954 
-1.368397  -0.000970 
-1.362120  0.000993 
-1.355843  -0.001012 
-1.349566  0.001035 
-1.343289  -0.001056 
-1.337012  0.001080 
-1.330734  -0.001104 
-1.324457  0.001129 
-1.318180  -0.001158 
-1.311903  0.001179 
-1.305626  -0.001212 
-1.299349  0.001242 
-1.293072  -0.001270 
-1.286795  0.001307 
-1.280518  -0.001336 
-1.274241  0.001376 
-1.267964  -0.001407 
-1.261687  0.001452 
-1.255410  -0.001486 
-1.249133  0.001535 
-1.242856  -0.001573 
-1.236579  0.001627 
-1.230302  -0.001670 
-1.224025  0.001729 
-1.217748  -0.001777 
-1.211470  0.001844 
-1.205194  -0.001898 
-1.198916  0.001972 
-1.192639  -0.002035 
-1.186362  0.002118 
-1.180085  -0.002190 
-1.173808  0.002284 
-1.167531  -0.002368 
-1.161254  0.002476 
-1.154977  -0.002575 
-1.148700  0.002701 
-1.142423  -0.002817 
-1.136146  0.002965 
-1.129869  -0.003106 
-1.123592  0.003282 
-1.117315  -0.003455 
-1.111038  0.003668 
-1.104761  -0.003885 
-1.098484  0.004150 
-1.092207  -0.004429 
-1.085930  0.004767 
-1.079652  -0.005137 
-1.073375  0.005587 
-1.067098  -0.006096 
-1.060821  0.006726 
-1.054544  -0.007470 
-1.048267  0.008414 
-1.041990  -0.009595 
-1.035713  0.011168 
-1.029436  -0.013302 
-1.023159  0.016415 
-1.016882  -0.021248 
-1.010605  0.029534 
-1.004328  -0.041264 
-0.998051  0.995582 
-0.991774  1.319215 
-0.985497  1.217499 
-0.979220  1.277638 
-0.972943  1.234955 
-0.966666  1.268064 
-0.960389  1.240994 
-0.954112  1.263910 
-0.947834  1.244025 
-0.941557  1.261602 
-0.935280  1.245841 
-0.929003  1.260136 
-0.922726  1.247050 
-0.916449  1.259123 
-0.910172  1.247911 
-0.903895  1.258382 
-0.897618  1.248555 
-0.891341  1.257816 
-0.885064  1.249055 
-0.878787  1.257370 
-0.872510  1.249454 
-0.866233  1.257009 
-0.859956  1.249780 
-0.853679  1.256712 
-0.847402  1.250050 
-0.841125  1.256462 
-0.834848  1.250278 
-0.828570  1.256250 
-0.822293  1.250473 
-0.816016  1.256065 
-0.809739  1.250639 
-0.803462  1.255906 
-0.797185  1.250790 
-0.790908  1.255769 
-0.784631  1.250921 
-0.778354  1.255647 
-0.772077  1.251037 
-0.765800  1.255538 
-0.759523  1.251140 
-0.753246  1.255440 
-0.746969  1.251233 
-0.740692  1.255353 
-0.734415  1.251317 
-0.728138  1.255273 
-0.721861  1.251392 
-0.715584  1.255201 
-0.709307  1.251461 
-0.703030  1.255135 
-0.696752  1.251524 
-0.690475  1.255075 
-0.684198  1.251582 
-0.677921  1.255019 
-0.671644  1.251635 
-0.665367  1.254968 
-0.659090  1.251684 
-0.652813  1.254921 
-0.646536  1.251729 
-0.640259  1.254877 
-0.633982  1.251771 
-0.627705  1.254836 
-0.621428  1.251809 
-0.615151  1.254798 
-0.608874  1.251846 
-0.602597  1.254763 
-0.596320  1.251880 
-0.590043  1.254731 
-0.583766  1.251912 
-0.577489  1.254700 
-0.571211  1.251941 
-0.564934  1.254671 
-0.558657  1.251969 
-0.552380  1.254644 
-0.546103  1.251995 
-0.539826  1.254619 
-0.533549  1.252020 
-0.527272  1.254595 
-0.520995  1.252043 
-0.514718  1.254573 
-0.508441  1.252064 
-0.502164  1.254552 
-0.495887  1.252084 
-0.489610  1.254531 
-0.483333  1.252103 
-0.477056  1.254512 
-0.470779  1.252122 
-0.464502  1.254495 
-0.458225  1.252139 
-0.451948  1.254478 
-0.445670  1.252155 
-0.439393  1.254462 
-0.433116  1.252170 
-0.426839  1.254447 
-0.420562  1.252185 
-0.414285  1.254433 
-0.408008  1.252199 
-0.401731  1.254420 
-0.395454  1.252212 
-0.389177  1.254407 
-0.382900  1.252224 
-0.376623  1.254396 
-0.370346  1.252236 
-0.364069  1.254384 
-0.357792  1.252247 
-0.351515  1.254374 
-0.345238  1.252258 
-0.338961  1.254364 
-0.332684  1.252268 
-0.326407  1.254355 
-0.320130  1.252278 
-0.313852  1.254346 
-0.307575  1.252287 
-0.301298  1.254337 
-0.295021  1.252293 
-0.288744  1.254328 
-0.282467  1.252301 
-0.276190  1.254320 
-0.269913  1.252308 
-0.263636  1.254313 
-0.257359  1.252315 
-0.251082  1.254306 
-0.244805  1.252321 
-0.238528  1.254299 
-0.232251  1.252327 
-0.225974  1.254294 
-0.219697  1.252333 
-0.213420  1.254288 
-0.207143  1.252338 
-0.200866  1.254282 
-0.194589  1.252342 
-0.188311  1.254276 
-0.182034  1.252346 
-0.175757  1.254272 
-0.169480  1.252350 
-0.163203  1.254268 
-0.156926  1.252354 
-0.150649  1.254264 
-0.144372  1.252358 
-0.138095  1.254261 
-0.131818  1.252362 
-0.125541  1.254258 
-0.119264  1.252365 
-0.112987  1.254255 
-0.106710  1.252367 
-0.100433  1.254253 
-0.094156  1.252370 
-0.087879  1.254251 
-0.081602  1.252372 
-0.075325  1.254249 
-0.069048  1.252374 
-0.062770  1.254248 
-0.056493  1.252375 
-0.050216  1.254246 
-0.043939  1.252376 
-0.037662  1.254245 
-0.031385  1.252377 
-0.025108  1.254245 
-0.018831  1.252378 
-0.012554  1.254245 
-0.006277  1.252379 
