0.000000  0.707107 
0.031377  0.706933 
0.062753  0.706411 
0.094130  0.705542 
0.125507  0.704328 
0.156883  0.702770 
0.188260  0.700869 
0.219637  0.698631 
0.251013  0.696056 
0.282390  0.693150 
0.313767  0.689916 
0.345143  0.686359 
0.376520  0.682485 
0.407897  0.678298 
0.439273  0.673806 
0.470650  0.669013 
0.502026  0.663928 
0.533403  0.658558 
0.564780  0.652909 
0.596156  0.646990 
0.627533  0.640810 
0.658910  0.634376 
0.690286  0.627697 
0.721663  0.620784 
0.753040  0.613644 
0.784416  0.606288 
0.815793  0.598725 
0.847170  0.590966 
0.878546  0.583020 
0.909923  0.574898 
0.941300  0.566610 
0.972676  0.558166 
1.004053  0.549578 
1.035430  0.540856 
1.066806  0.532010 
1.098183  0.523052 
1.129560  0.513991 
1.160936  0.504838 
1.192313  0.495605 
1.223690  0.486301 
1.255066  0.476937 
1.286443  0.467523 
1.317820  0.458069 
1.349196  0.448585 
1.380573  0.439082 
1.411949  0.429569 
1.443326  0.420054 
1.474703  0.410549 
1.506079  0.401061 
1.537456  0.391599 
1.568833  0.382173 
1.600209  0.372790 
1.631586  0.363458 
1.662963  0.354185 
1.694339  0.344980 
1.725716  0.335848 
1.757093  0.326797 
1.788469  0.317833 
1.819846  0.308963 
1.851223  0.300193 
1.882599  0.291528 
1.913976  0.282974 
1.945353  0.274536 
1.976729  0.266218 
2.008106  0.258026 
2.039483  0.249962 
2.070859  0.242031 
2.102236  0.234237 
2.133613  0.226582 
2.164989  0.219069 
2.196366  0.211701 
2.227742  0.204480 
2.259119  0.197409 
2.290496  0.190488 
2.321872  0.183719 
2.353249  0.177104 
2.384626  0.170643 
2.416003  0.164336 
2.447379  0.158185 
2.478756  0.152189 
2.510132  0.146348 
2.541509  0.140663 
2.572886  0.135131 
2.604262  0.129753 
2.635639  0.124528 
2.667016  0.119455 
2.698392  0.114532 
2.729769  0.109757 
2.761146  0.105130 
2.792522  0.100649 
2.823899  0.096311 
2.855276  0.092114 
2.886652  0.088058 
2.918029  0.084138 
2.949406  0.080353 
2.980782  0.076701 
3.012159  0.073179 
3.043536  0.069784 
3.074912  0.066514 
3.106289  0.063366 
3.137666  0.060337 
3.169042  0.057425 
3.200419  0.054626 
3.231796  0.051938 
3.263172  0.049358 
3.294549  0.046884 
3.325925  0.044511 
3.357302  0.042238 
3.388679  0.040061 
3.420055  0.037977 
3.451432  0.035984 
3.482809  0.034079 
3.514186  0.032259 
3.545562  0.030521 
3.576939  0.028863 
3.608315  0.027281 
3.639692  0.025773 
3.671069  0.024337 
3.702445  0.022969 
3.733822  0.021668 
3.765198  0.020430 
3.796576  0.019253 
3.827952  0.018136 
3.859329  0.017074 
3.890705  0.016067 
3.922082  0.015112 
3.953459  0.014207 
3.984835  0.013349 
4.016212  0.012537 
4.047588  0.011769 
4.078965  0.011042 
4.110342  0.010355 
4.141718  0.009706 
4.173095  0.009093 
4.204472  0.008515 
4.235848  0.007969 
4.267225  0.007455 
4.298602  0.006970 
4.329978  0.006514 
4.361355  0.006085 
4.392732  0.005681 
4.424109  0.005302 
4.455485  0.004945 
4.486862  0.004610 
4.518239  0.004295 
4.549615  0.004001 
4.580992  0.003724 
4.612368  0.003465 
4.643745  0.003222 
4.675122  0.002995 
4.706498  0.002783 
4.737875  0.002584 
4.769251  0.002398 
4.800629  0.002225 
4.832005  0.002063 
4.863381  0.001912 
4.894758  0.001771 
4.926135  0.001640 
4.957512  0.001517 
4.988888  0.001403 
5.020265  0.001297 
5.051641  0.001199 
5.083018  0.001107 
5.114395  0.001022 
5.145772  0.000943 
5.177148  0.000870 
5.208525  0.000802 
5.239902  0.000739 
5.271278  0.000680 
5.302655  0.000626 
5.334031  0.000576 
5.365408  0.000530 
5.396785  0.000487 
5.428162  0.000447 
5.459538  0.000410 
5.490914  0.000377 
5.522292  0.000345 
5.553668  0.000317 
5.585045  0.000290 
5.616421  0.000266 
5.647798  0.000243 
5.679175  0.000223 
5.710551  0.000204 
5.741928  0.000186 
5.773304  0.000170 
5.804681  0.000155 
5.836058  0.000142 
5.867435  0.000129 
5.898811  0.000118 
5.930188  0.000107 
5.961565  0.000098 
5.992941  0.000089 
6.024318  0.000081 
6.055695  0.000074 
6.087071  0.000067 
6.118448  0.000061 
6.149825  0.000055 
6.181201  0.000050 
6.212578  0.000046 
6.243955  0.000041 
6.275331  0.000037 
6.306708  0.000034 
6.338084  0.000031 
6.369461  0.000028 
6.400837  0.000025 
6.432214  0.000023 
6.463591  0.000021 
6.494967  0.000019 
6.526344  0.000017 
6.557721  0.000015 
6.589097  0.000014 
6.620474  0.000012 
6.651851  0.000011 
6.683228  0.000010 
6.714604  0.000009 
6.745981  0.000008 
6.777358  0.000007 
6.808734  0.000007 
6.840111  0.000006 
6.871488  0.000005 
6.902864  0.000005 
6.934241  0.000004 
6.965617  0.000004 
6.996994  0.000003 
7.028371  0.000003 
7.059747  0.000003 
7.091124  0.000002 
7.122500  0.000002 
7.153877  0.000002 
7.185255  0.000002 
7.216630  0.000002 
7.248007  0.000001 
7.279384  0.000001 
7.310760  0.000001 
7.342138  0.000001 
7.373514  0.000001 
7.404891  0.000001 
7.436267  0.000001 
7.467644  0.000001 
7.499021  0.000001 
7.530397  0.000000 
7.561774  0.000000 
7.593151  0.000000 
7.624527  0.000000 
7.655904  0.000000 
7.687280  0.000000 
7.718657  0.000000 
7.750034  0.000000 
7.781410  0.000000 
7.812788  0.000000 
7.844163  0.000000 
7.875541  0.000000 
7.906918  0.000000 
7.938293  0.000000 
7.969671  0.000000 
8.001047  0.000000 
8.032424  0.000000 
8.063801  0.000000 
8.095177  0.000000 
8.126554  0.000000 
8.157930  0.000000 
8.189307  0.000000 
8.220684  0.000000 
8.252060  0.000000 
8.283437  0.000000 
8.314814  0.000000 
8.346190  0.000000 
8.377567  0.000000 
8.408943  0.000000 
8.440320  0.000000 
8.471697  0.000000 
8.503074  0.000000 
8.534451  0.000000 
8.565826  0.000000 
8.597203  0.000000 
8.628580  0.000000 
8.659957  0.000000 
8.691334  0.000000 
8.722710  0.000000 
8.754086  0.000000 
8.785463  0.000000 
8.816840  0.000000 
8.848217  0.000000 
8.879594  0.000000 
8.910970  0.000000 
8.942347  0.000000 
8.973723  0.000000 
9.005100  0.000000 
9.036477  0.000000 
9.067853  0.000000 
9.099230  0.000000 
9.130607  0.000000 
9.161983  0.000000 
9.193360  0.000000 
9.224736  0.000000 
9.256113  0.000000 
9.287490  0.000000 
9.318867  0.000000 
9.350244  0.000000 
9.381619  0.000000 
9.412996  0.000000 
9.444373  0.000000 
9.475750  0.000000 
9.507127  0.000000 
9.538503  0.000000 
9.569880  0.000000 
9.601257  0.000000 
9.632633  0.000000 
9.664010  0.000000 
9.695386  0.000000 
9.726763  0.000000 
9.758141  0.000000 
9.789516  0.000000 
9.820893  0.000000 
9.852269  0.000000 
9.883646  0.000000 
9.915024  0.000000 
9.946400  0.000000 
9.977777  0.000000 
10.009152  0.000000 
10.040529  0.000000 
10.071907  0.000000 
10.103283  0.000000 
10.134660  0.000000 
10.166037  0.000000 
10.197412  0.000000 
10.228790  0.000000 
10.260166  0.000000 
10.291543  0.000000 
10.322920  0.000000 
10.354296  0.000000 
10.385674  0.000000 
10.417049  0.000000 
10.448426  0.000000 
10.479803  0.000000 
10.511179  0.000000 
10.542557  0.000000 
10.573933  0.000000 
10.605309  0.000000 
10.636686  0.000000 
10.668062  0.000000 
10.699440  0.000000 
10.730816  0.000000 
10.762193  0.000000 
10.793570  0.000000 
10.824945  0.000000 
10.856323  0.000000 
10.887700  0.000000 
10.919076  0.000000 
10.950453  0.000000 
10.981829  0.000000 
11.013206  0.000000 
11.044583  0.000000 
11.075959  0.000000 
11.107336  0.000000 
11.138712  0.000000 
11.170090  0.000000 
11.201467  0.000000 
11.232842  0.000000 
11.264219  0.000000 
11.295595  0.000000 
11.326973  0.000000 
11.358350  0.000000 
11.389726  0.000000 
11.421103  0.000000 
11.452479  0.000000 
11.483856  0.000000 
11.515233  0.000000 
11.546609  0.000000 
11.577986  0.000000 
11.609363  0.000000 
11.640739  0.000000 
11.672116  0.000000 
11.703492  0.000000 
11.734869  0.000000 
11.766246  0.000000 
11.797623  0.000000 
11.829000  0.000000 
11.860375  0.000000 
11.891752  0.000000 
11.923129  0.000000 
11.954506  0.000000 
11.985883  0.000000 
12.017259  0.000000 
12.048635  0.000000 
12.080012  0.000000 
12.111389  0.000000 
12.142766  0.000000 
12.174143  0.000000 
12.205519  0.000000 
12.236896  0.000000 
12.268272  0.000000 
12.299649  0.000000 
12.331026  0.000000 
12.362402  0.000000 
12.393779  0.000000 
12.425156  0.000000 
12.456532  0.000000 
12.487909  0.000000 
12.519285  0.000000 
-12.550662  -0.000000 
-12.519285  0.000000 
-12.487909  0.000000 
-12.456532  0.000000 
-12.425156  0.000000 
-12.393779  0.000000 
-12.362402  0.000000 
-12.331026  0.000000 
-12.299649  0.000000 
-12.268272  0.000000 
-12.236896  0.000000 
-12.205519  0.000000 
-12.174143  0.000000 
-12.142766  0.000000 
-12.111389  0.000000 
-12.080012  0.000000 
-12.048635  0.000000 
-12.017259  0.000000 
-11.985883  0.000000 
-11.954506  0.000000 
-11.923129  0.000000 
-11.891752  0.000000 
-11.860375  0.000000 
-11.829000  0.000000 
-11.797623  0.000000 
-11.766246  0.000000 
-11.734869  0.000000 
-11.703492  0.000000 
-11.672116  0.000000 
-11.640739  0.000000 
-11.609363  0.000000 
-11.577986  0.000000 
-11.546609  0.000000 
-11.515233  0.000000 
-11.483856  0.000000 
-11.452479  0.000000 
-11.421103  0.000000 
-11.389726  0.000000 
-11.358350  0.000000 
-11.326973  0.000000 
-11.295595  0.000000 
-11.264219  0.000000 
-11.232842  0.000000 
-11.201467  0.000000 
-11.170090  0.000000 
-11.138712  0.000000 
-11.107336  0.000000 
-11.075959  0.000000 
-11.044583  0.000000 
-11.013206  0.000000 
-10.981829  0.000000 
-10.950453  0.000000 
-10.919076  0.000000 
-10.887700  0.000000 
-10.856323  0.000000 
-10.824945  0.000000 
-10.793570  0.000000 
-10.762193  0.000000 
-10.730816  0.000000 
-10.699440  0.000000 
-10.668062  0.000000 
-10.636686  0.000000 
-10.605309  0.000000 
-10.573933  0.000000 
-10.542557  0.000000 
-10.511179  0.000000 
-10.479803  0.000000 
-10.448426  0.000000 
-10.417049  0.000000 
-10.385674  0.000000 
-10.354296  0.000000 
-10.322920  0.000000 
-10.291543  0.000000 
-10.260166  0.000000 
-10.228790  0.000000 
-10.197412  0.000000 
-10.166037  0.000000 
-10.134660  0.000000 
-10.103283  0.000000 
-10.071907  0.000000 
-10.040529  0.000000 
-10.009152  0.000000 
-9.977777  0.000000 
-9.946400  0.000000 
-9.915024  0.000000 
-9.883646  0.000000 
-9.852269  0.000000 
-9.820893  0.000000 
-9.789516  0.000000 
-9.758141  0.000000 
-9.726763  0.000000 
-9.695386  0.000000 
-9.664010  0.000000 
-9.632633  0.000000 
-9.601257  0.000000 
-9.569880  0.000000 
-9.538503  0.000000 
-9.507127  0.000000 
-9.475750  0.000000 
-9.444373  0.000000 
-9.412996  0.000000 
-9.381619  0.000000 
-9.350244  0.000000 
-9.318867  0.000000 
-9.287490  0.000000 
-9.256113  0.000000 
-9.224736  0.000000 
-9.193360  0.000000 
-9.161983  0.000000 
-9.130607  0.000000 
-9.099230  0.000000 
-9.067853  0.000000 
-9.036477  0.000000 
-9.005100  0.000000 
-8.973723  0.000000 
-8.942347  0.000000 
-8.910970  0.000000 
-8.879594  0.000000 
-8.848217  0.000000 
-8.816840  0.000000 
-8.785463  0.000000 
-8.754086  0.000000 
-8.722710  0.000000 
-8.691334  0.000000 
-8.659957  0.000000 
-8.628580  0.000000 
-8.597203  0.000000 
-8.565826  0.000000 
-8.534451  0.000000 
-8.503074  0.000000 
-8.471697  0.000000 
-8.440320  0.000000 
-8.408943  0.000000 
-8.377567  0.000000 
-8.346190  0.000000 
-8.314814  0.000000 
-8.283437  0.000000 
-8.252060  0.000000 
-8.220684  0.000000 
-8.189307  0.000000 
-8.157930  0.000000 
-8.126554  0.000000 
-8.095177  0.000000 
-8.063801  0.000000 
-8.032424  0.000000 
-8.001047  0.000000 
-7.969671  0.000000 
-7.938293  0.000000 
-7.906918  0.000000 
-7.875541  0.000000 
-7.844163  0.000000 
-7.812788  0.000000 
-7.781410  0.000000 
-7.750034  0.000000 
-7.718657  0.000000 
-7.687280  0.000000 
-7.655904  0.000000 
-7.624527  0.000000 
-7.593151  0.000000 
-7.561774  0.000000 
-7.530397  0.000000 
-7.499021  0.000001 
-7.467644  0.000001 
-7.436267  0.000001 
-7.404891  0.000001 
-7.373514  0.000001 
-7.342138  0.000001 
-7.310760  0.000001 
-7.279384  0.000001 
-7.248007  0.000001 
-7.216630  0.000002 
-7.185255  0.000002 
-7.153877  0.000002 
-7.122500  0.000002 
-7.091124  0.000002 
-7.059747  0.000003 
-7.028371  0.000003 
-6.996994  0.000003 
-6.965617  0.000004 
-6.934241  0.000004 
-6.902864  0.000005 
-6.871488  0.000005 
-6.840111  0.000006 
-6.808734  0.000007 
-6.777358  0.000007 
-6.745981  0.000008 
-6.714604  0.000009 
-6.683228  0.000010 
-6.651851  0.000011 
-6.620474  0.000012 
-6.589097  0.000014 
-6.557721  0.000015 
-6.526344  0.000017 
-6.494967  0.000019 
-6.463591  0.000021 
-6.432214  0.000023 
-6.400837  0.000025 
-6.369461  0.000028 
-6.338084  0.000031 
-6.306708  0.000034 
-6.275331  0.000037 
-6.243955  0.000041 
-6.212578  0.000046 
-6.181201  0.000050 
-6.149825  0.000055 
-6.118448  0.000061 
-6.087071  0.000067 
-6.055695  0.000074 
-6.024318  0.000081 
-5.992941  0.000089 
-5.961565  0.000098 
-5.930188  0.000107 
-5.898811  0.000118 
-5.867435  0.000129 
-5.836058  0.000142 
-5.804681  0.000155 
-5.773304  0.000170 
-5.741928  0.000186 
-5.710551  0.000204 
-5.679175  0.000223 
-5.647798  0.000243 
-5.616421  0.000266 
-5.585045  0.000290 
-5.553668  0.000317 
-5.522292  0.000345 
-5.490914  0.000377 
-5.459538  0.000410 
-5.428162  0.000447 
-5.396785  0.000487 
-5.365408  0.000530 
-5.334031  0.000576 
-5.302655  0.000626 
-5.271278  0.000680 
-5.239902  0.000739 
-5.208525  0.000802 
-5.177148  0.000870 
-5.145772  0.000943 
-5.114395  0.001022 
-5.083018  0.001107 
-5.051641  0.001199 
-5.020265  0.001297 
-4.988888  0.001403 
-4.957512  0.001517 
-4.926135  0.001640 
-4.894758  0.001771 
-4.863381  0.001912 
-4.832005  0.002063 
-4.800629  0.002225 
-4.769251  0.002398 
-4.737875  0.002584 
-4.706498  0.002783 
-4.675122  0.002995 
-4.643745  0.003222 
-4.612368  0.003465 
-4.580992  0.003724 
-4.549615  0.004001 
-4.518239  0.004295 
-4.486862  0.004610 
-4.455485  0.004945 
-4.424109  0.005302 
-4.392732  0.005681 
-4.361355  0.006085 
-4.329978  0.006514 
-4.298602  0.006970 
-4.267225  0.007455 
-4.235848  0.007969 
-4.204472  0.008515 
-4.173095  0.009093 
-4.141718  0.009706 
-4.110342  0.010355 
-4.078965  0.011042 
-4.047588  0.011769 
-4.016212  0.012537 
-3.984835  0.013349 
-3.953459  0.014207 
-3.922082  0.015112 
-3.890705  0.016067 
-3.859329  0.017074 
-3.827952  0.018136 
-3.796576  0.019253 
-3.765198  0.020430 
-3.733822  0.021668 
-3.702445  0.022969 
-3.671069  0.024337 
-3.639692  0.025773 
-3.608315  0.027281 
-3.576939  0.028863 
-3.545562  0.030521 
-3.514186  0.032259 
-3.482809  0.034079 
-3.451432  0.035984 
-3.420055  0.037977 
-3.388679  0.040061 
-3.357302  0.042238 
-3.325925  0.044511 
-3.294549  0.046884 
-3.263172  0.049358 
-3.231796  0.051938 
-3.200419  0.054626 
-3.169042  0.057425 
-3.137666  0.060337 
-3.106289  0.063366 
-3.074912  0.066514 
-3.043536  0.069784 
-3.012159  0.073179 
-2.980782  0.076701 
-2.949406  0.080353 
-2.918029  0.084138 
-2.886652  0.088058 
-2.855276  0.092114 
-2.823899  0.096311 
-2.792522  0.100649 
-2.761146  0.105130 
-2.729769  0.109757 
-2.698392  0.114532 
-2.667016  0.119455 
-2.635639  0.124528 
-2.604262  0.129753 
-2.572886  0.135131 
-2.541509  0.140663 
-2.510132  0.146348 
-2.478756  0.152189 
-2.447379  0.158185 
-2.416003  0.164336 
-2.384626  0.170643 
-2.353249  0.177104 
-2.321872  0.183719 
-2.290496  0.190488 
-2.259119  0.197409 
-2.227742  0.204480 
-2.196366  0.211701 
-2.164989  0.219069 
-2.133613  0.226582 
-2.102236  0.234237 
-2.070859  0.242031 
-2.039483  0.249962 
-2.008106  0.258026 
-1.976729  0.266218 
-1.945353  0.274536 
-1.913976  0.282974 
-1.882599  0.291528 
-1.851223  0.300193 
-1.819846  0.308963 
-1.788469  0.317833 
-1.757093  0.326797 
-1.725716  0.335848 
-1.694339  0.344980 
-1.662963  0.354185 
-1.631586  0.363458 
-1.600209  0.372790 
-1.568833  0.382173 
-1.537456  0.391599 
-1.506079  0.401061 
-1.474703  0.410549 
-1.443326  0.420054 
-1.411949  0.429569 
-1.380573  0.439082 
-1.349196  0.448585 
-1.317820  0.458069 
-1.286443  0.467523 
-1.255066  0.476937 
-1.223690  0.486301 
-1.192313  0.495605 
-1.160936  0.504838 
-1.129560  0.513991 
-1.098183  0.523052 
-1.066806  0.532010 
-1.035430  0.540856 
-1.004053  0.549578 
-0.972676  0.558166 
-0.941300  0.566610 
-0.909923  0.574898 
-0.878546  0.583020 
-0.847170  0.590966 
-0.815793  0.598725 
-0.784416  0.606288 
-0.753040  0.613644 
-0.721663  0.620784 
-0.690286  0.627697 
-0.658910  0.634376 
-0.627533  0.640810 
-0.596156  0.646990 
-0.564780  0.652909 
-0.533403  0.658558 
-0.502026  0.663928 
-0.470650  0.669013 
-0.439273  0.673806 
-0.407897  0.678298 
-0.376520  0.682485 
-0.345143  0.686359 
-0.313767  0.689916 
-0.282390  0.693150 
-0.251013  0.696056 
-0.219637  0.698631 
-0.188260  0.700869 
-0.156883  0.702770 
-0.125507  0.704328 
-0.094130  0.705542 
-0.062753  0.706411 
-0.031377  0.706933 
